tourney_order,match_id,match_duration,winner_aces,winner_double_faults,winner_first_serves_in,winner_first_serves_total,winner_first_serve_points_won,winner_first_serve_points_total,winner_second_serve_points_won,winner_second_serve_points_total,winner_break_points_saved,winner_break_points_serve_total,winner_service_points_won,winner_service_points_total,winner_first_serve_return_won,winner_first_serve_return_total,winner_second_serve_return_won,winner_second_serve_return_total,winner_break_points_converted,winner_break_points_return_total,winner_service_games_played,winner_return_games_played,winner_return_points_won,winner_return_points_total,winner_total_points_won,winner_total_points_total
0,2017-339-r975-n409,141,23,3,62,97,50,62,16,35,6,7,66,97,22,61,9,23,2,4,15,14,31,84,97,181
0,2017-339-d875-n552,109,7,2,52,77,41,52,12,25,5,7,53,77,13,49,11,20,3,5,13,12,24,69,77,146
0,2017-339-d875-r975,88,4,1,36,58,27,36,18,22,0,0,45,58,4,28,17,33,2,4,10,10,21,61,66,119
0,2017-339-n552-w367,102,1,1,56,77,37,56,14,21,4,5,51,77,10,37,14,24,2,2,11,10,24,61,75,138
0,2017-339-d875-tb69,125,3,3,52,94,42,52,23,42,13,14,65,94,8,37,21,45,3,7,14,14,29,82,94,176
0,2017-339-w367-e831,156,11,3,67,119,47,67,28,52,11,13,75,119,13,65,21,32,4,10,16,16,34,97,109,216
0,2017-339-n552-tc61,62,3,0,19,34,18,19,10,15,0,0,28,34,13,28,14,19,5,8,7,7,27,47,55,81
0,2017-339-r975-sm37,69,12,1,40,53,30,40,7,13,2,3,37,53,12,29,9,15,4,6,9,8,21,44,58,97
0,2017-339-tb69-g940,89,11,1,44,65,36,44,15,21,4,4,51,65,1,35,14,23,1,4,11,10,15,58,66,123
0,2017-339-w367-t840,90,7,2,41,64,33,41,15,23,0,1,48,64,7,46,17,25,2,5,11,11,24,71,72,135
0,2017-339-n409-z168,55,1,2,18,38,15,18,15,20,2,2,30,38,12,25,10,13,5,8,7,7,22,38,52,76
0,2017-339-d875-m873,65,8,0,27,46,25,27,12,19,3,3,37,46,10,37,11,15,3,3,9,9,21,52,58,98
0,2017-339-e831-pf39,59,6,1,27,44,22,27,11,17,4,4,33,44,3,18,10,16,2,5,7,6,13,34,46,78
0,2017-339-n552-dc58,143,3,3,66,107,47,66,18,41,4,8,65,107,22,54,21,41,5,13,15,14,43,95,108,202
0,2017-339-tc61-f401,159,5,2,65,103,49,65,18,38,4,7,67,103,22,64,16,39,4,9,17,17,38,103,105,206
0,2017-339-n409-d801,75,2,1,36,52,26,36,10,16,2,3,36,52,8,28,18,25,4,4,9,9,26,53,62,105
0,2017-339-pf39-sd32,126,7,2,52,102,37,52,24,50,8,12,61,102,13,42,18,34,4,4,12,12,31,76,92,178
0,2017-339-d875-j386,75,3,0,25,48,23,25,12,23,0,1,35,48,15,36,14,21,4,8,9,8,29,57,64,105
0,2017-339-f401-ta46,84,3,5,30,52,25,30,12,22,2,3,37,52,15,44,18,30,4,9,10,11,33,74,70,126
0,2017-339-dc58-ma30,75,12,2,33,55,27,33,13,22,0,1,40,55,10,37,14,21,3,5,10,10,24,58,64,113
0,2017-339-e831-e873,130,11,2,48,83,37,48,19,35,2,3,56,83,28,67,19,46,1,10,12,12,47,113,103,196
0,2017-339-g940-h996,130,20,5,59,106,45,59,28,47,8,10,73,106,15,48,15,39,3,7,17,16,30,87,103,193
0,2017-339-sm37-q927,58,2,0,29,47,21,29,11,18,0,2,32,47,10,25,16,25,5,9,9,9,26,50,58,97
0,2017-339-m873-r612,120,13,3,55,86,42,55,17,31,2,4,59,86,17,46,18,48,3,12,15,14,35,94,94,180
0,2017-339-tc61-y218,91,1,0,28,46,26,28,6,18,1,2,32,46,20,43,18,31,5,15,8,9,38,74,70,120
0,2017-339-t840-n732,92,11,5,45,64,35,45,6,19,1,3,41,64,20,53,16,29,4,10,11,11,36,82,77,146
0,2017-339-z168-dh58,68,3,3,42,57,30,42,9,15,2,2,39,57,12,26,8,20,3,3,9,9,20,46,59,103
0,2017-339-n732-sf62,89,0,1,47,87,30,47,24,40,9,10,54,87,8,25,10,29,3,4,11,11,18,54,72,141
0,2017-339-dc58-sj55,134,6,5,54,99,44,54,19,45,5,8,63,99,19,66,27,43,4,12,15,15,46,109,109,208
0,2017-339-dh58-td51,139,5,6,67,105,48,67,23,38,3,5,71,105,22,65,20,45,4,10,16,16,42,110,113,215
0,2017-339-e873-d646,120,12,3,47,96,39,47,26,49,2,3,65,96,14,53,14,30,3,3,16,14,28,83,93,179
0,2017-339-dh58-k926,99,8,1,31,63,25,31,19,32,0,2,44,63,13,32,13,36,3,5,11,11,26,68,70,131
0,2017-339-d646-h940,252,12,5,48,89,35,48,25,41,6,8,60,89,16,57,17,34,3,4,15,15,33,91,93,180
0,2017-339-n732-sc47,106,2,2,55,93,36,55,18,38,6,9,54,93,11,37,11,27,3,5,12,12,22,64,76,157
0,2017-339-dc58-r548,59,9,3,24,46,22,24,15,22,1,1,37,46,12,33,9,17,3,5,9,9,21,50,58,96
0,2017-339-td51-w630,87,2,5,42,75,34,42,16,33,5,7,50,75,12,38,8,17,3,3,11,10,20,55,70,130
0,2017-339-sf62-f811,93,16,3,49,80,41,49,16,31,7,9,57,80,10,40,19,34,4,8,14,13,29,74,86,154
0,2017-339-sj55-ke64,77,4,2,44,65,30,44,16,21,4,4,46,65,10,26,11,22,3,6,9,8,21,48,67,113
0,2017-339-e873-k839,77,5,1,36,61,28,36,14,25,3,4,42,61,12,36,14,25,3,9,10,9,26,61,68,122
1,2017-891-bd06-y061,124,1,3,54,78,34,54,13,24,6,10,47,78,20,56,13,28,4,12,14,14,33,84,80,162
1,2017-891-bd06-pd31,68,3,1,36,53,26,36,10,17,0,1,36,53,9,27,17,26,4,7,9,9,26,53,62,106
1,2017-891-bd06-mm58,74,4,1,38,49,32,38,9,11,0,0,41,49,12,42,12,21,2,4,10,9,24,63,65,112
1,2017-891-mm58-sc56,126,4,2,59,96,42,59,21,37,6,9,63,96,25,65,10,27,4,7,15,15,35,92,98,188
1,2017-891-sc56-r772,105,9,1,48,75,32,48,16,27,2,3,48,75,12,41,15,26,3,4,11,11,27,67,75,142
1,2017-891-pd31-bh09,62,4,4,22,45,20,22,14,23,0,0,34,45,12,26,11,16,4,8,8,7,23,42,57,87
1,2017-891-kc04-c977,168,8,2,83,130,55,83,30,47,9,11,85,130,16,69,18,44,2,5,18,18,34,113,119,243
1,2017-891-bd06-sc73,75,3,2,31,55,26,31,14,24,2,2,40,55,10,34,12,18,3,5,9,8,22,52,62,107
1,2017-891-r772-d632,64,1,3,33,53,23,33,12,20,3,3,35,53,19,34,6,9,5,9,7,7,25,43,60,96
1,2017-891-bh09-k966,184,14,4,67,123,59,67,23,56,2,5,82,123,33,103,16,32,3,11,18,18,49,135,131,258
1,2017-891-mm58-kc04,85,8,2,37,55,28,37,7,18,3,4,35,55,19,45,15,24,5,11,8,9,34,69,69,124
1,2017-891-pd31-bf55,86,12,3,47,79,35,47,18,32,7,7,53,79,24,55,7,20,2,11,10,9,31,75,84,154
1,2017-891-y061-o376,93,0,2,40,63,30,40,12,23,2,3,42,63,16,44,18,24,5,9,9,10,34,68,76,131
1,2017-891-mm58-l575,86,6,1,36,69,24,36,18,33,3,5,42,69,14,28,14,29,5,9,9,10,28,57,70,126
1,2017-891-sc56-ch27,66,2,1,28,46,20,28,10,18,3,4,30,46,16,34,15,22,5,7,8,8,31,56,61,102
1,2017-891-pd31-k776,65,4,5,26,59,23,26,20,33,0,0,43,59,11,38,11,20,2,8,10,9,22,58,65,117
1,2017-891-ch27-cg80,121,6,4,32,67,27,32,15,35,5,7,42,67,24,54,20,35,5,14,10,11,44,89,86,156
1,2017-891-y061-me64,85,1,0,37,61,29,37,16,24,2,2,45,61,10,38,17,32,2,8,10,9,27,70,72,131
1,2017-891-l575-a829,64,4,4,19,38,16,19,12,19,0,1,28,38,13,25,18,26,6,10,7,8,31,51,59,89
1,2017-891-bf55-rb56,53,0,2,26,36,22,26,7,10,1,1,29,36,14,27,12,17,5,10,7,7,26,44,55,80
1,2017-891-bh09-g476,75,7,4,37,59,27,37,14,22,5,5,41,59,9,33,12,20,3,5,9,9,21,53,62,112
1,2017-891-d632-mf09,60,1,0,25,39,20,25,12,14,0,0,32,39,15,30,9,18,4,4,8,9,24,48,56,87
1,2017-891-sc73-l987,153,12,4,70,117,51,70,23,47,4,8,74,117,36,95,14,32,3,12,17,17,50,127,124,244
1,2017-891-kc04-e698,140,4,1,63,101,47,63,21,38,5,6,68,101,13,47,19,43,4,7,15,15,32,90,100,191
1,2017-891-mm58-mj08,97,8,4,46,72,33,46,12,26,3,4,45,72,18,43,13,24,4,10,9,9,31,67,76,139
1,2017-891-o376-rh16,79,5,2,33,60,27,33,18,27,0,0,45,60,16,51,10,18,2,8,10,10,26,69,71,129
1,2017-891-sc56-d923,62,2,0,36,53,28,36,11,17,5,5,39,53,12,29,18,28,4,8,8,8,30,57,69,110
1,2017-891-bf55-kc29,59,2,2,24,42,19,24,10,18,3,4,29,42,16,31,11,18,5,6,8,8,27,49,56,91
1,2017-891-ch27-m762,100,6,2,35,56,26,35,10,21,1,3,36,56,32,60,18,32,5,16,9,9,50,92,86,148
1,2017-891-kc04-ga94,98,2,1,51,82,39,51,12,31,10,12,51,82,15,41,17,29,4,7,10,10,32,70,83,152
1,2017-891-mf09-ta29,91,4,2,42,77,29,42,18,35,12,14,47,77,18,38,12,24,5,9,10,10,30,62,77,139
1,2017-891-ch27-z246,75,1,4,35,66,27,35,16,31,5,5,43,66,14,35,11,17,4,8,8,8,25,52,68,118
1,2017-891-kc29-mp13,139,6,2,81,112,61,81,22,31,8,8,83,112,10,60,22,46,2,11,17,16,32,106,115,218
1,2017-891-kc04-sf76,83,4,1,31,57,24,31,16,26,2,3,40,57,12,34,13,25,3,7,10,9,25,59,65,116
1,2017-891-ta29-bf98,61,4,1,31,49,22,31,11,18,2,3,33,49,13,28,13,21,5,6,8,8,26,49,59,98
1,2017-891-ga94-mi01,73,4,1,47,67,31,47,11,20,6,7,42,67,11,29,16,27,4,7,9,8,27,56,69,123
1,2017-891-m762-d916,53,6,0,23,36,20,23,8,13,0,0,28,36,15,28,15,24,5,7,7,7,30,52,58,88
1,2017-891-mf09-gb53,60,3,0,37,50,24,37,10,13,3,4,34,50,14,30,12,14,5,8,8,7,26,44,60,94
1,2017-891-bf55-cf01,70,2,4,27,54,20,27,17,27,7,8,37,54,12,30,16,26,5,6,9,10,28,56,65,110
2,2017-451-d643-v306,143,3,1,57,93,45,57,15,36,4,7,60,93,26,70,15,31,4,7,15,16,41,101,101,194
2,2017-451-mc10-ba47,101,10,1,42,67,33,42,11,25,2,3,44,67,11,34,17,29,3,5,10,9,28,63,72,130
2,2017-451-mc10-a479,130,5,3,51,79,34,51,17,28,3,5,51,79,14,44,24,45,3,12,12,12,38,89,89,168
2,2017-451-d643-mc10,174,2,3,79,110,54,79,19,31,5,7,73,110,11,50,18,34,3,4,16,15,29,84,102,194
2,2017-451-d643-s694,91,3,3,35,56,26,35,12,21,3,4,38,56,8,33,22,28,4,6,9,9,30,61,68,117
2,2017-451-v306-k336,83,2,1,48,58,34,48,7,10,1,1,41,58,11,42,17,25,3,12,10,10,28,67,69,125
2,2017-451-mc10-mi43,143,10,0,46,76,36,46,13,30,3,6,49,76,29,74,19,31,4,14,12,12,48,105,97,181
2,2017-451-ba47-t786,91,9,1,51,85,39,51,19,34,7,7,58,85,7,32,9,20,2,3,11,10,16,52,74,137
2,2017-451-d643-z184,72,4,1,33,47,29,33,11,14,0,0,40,47,12,34,9,20,2,2,10,9,21,54,61,101
2,2017-451-ba47-v708,105,13,3,47,79,39,47,14,32,2,4,53,79,19,55,13,29,2,2,13,13,32,84,85,163
2,2017-451-v306-gb88,102,6,2,56,87,39,56,12,31,12,14,51,87,16,41,15,27,4,7,10,9,31,68,82,155
2,2017-451-t786-ba65,45,12,2,26,39,22,26,11,13,0,0,33,39,13,29,8,15,4,7,8,8,21,44,54,83
2,2017-451-a479-k435,106,11,1,44,78,32,44,21,34,0,2,53,78,11,49,16,31,2,2,12,12,27,80,80,158
2,2017-451-k336-ke29,90,16,4,45,73,42,45,17,28,3,3,59,73,8,42,9,28,0,0,12,12,17,70,76,143
2,2017-451-s694-d981,79,0,2,31,58,23,31,13,27,4,5,36,58,17,38,13,21,4,9,9,8,30,59,66,117
2,2017-451-mc10-ca12,82,6,1,40,55,34,40,8,15,0,1,42,55,15,41,18,25,4,7,9,9,33,66,75,121
2,2017-451-d643-sl28,87,4,4,39,55,33,39,6,16,3,5,39,55,15,41,19,33,4,9,10,11,34,74,73,129
2,2017-451-gb88-h756,90,6,0,44,72,31,44,17,28,10,12,48,72,11,34,16,28,4,5,10,10,27,62,75,134
2,2017-451-ba47-g983,86,5,2,31,54,26,31,18,23,0,0,44,54,12,42,15,29,2,4,10,10,27,71,71,125
2,2017-451-k435-j267,103,4,3,44,73,33,44,14,29,3,4,47,73,19,49,17,30,3,12,10,10,36,79,83,152
2,2017-451-k336-me89,95,13,4,50,73,43,50,13,23,1,1,56,73,12,52,7,17,0,0,12,12,19,69,75,142
2,2017-451-s694-b837,114,2,7,38,88,24,38,26,50,12,14,50,88,16,39,15,27,4,9,9,9,31,66,81,154
2,2017-451-t786-kb54,87,9,2,37,67,31,37,20,30,1,2,51,67,12,41,15,25,4,5,13,12,27,66,78,133
2,2017-451-a479-l503,149,13,2,55,104,39,55,26,49,3,6,65,104,19,57,15,33,3,7,16,15,34,90,99,194
2,2017-451-ba65-bf23,106,7,4,57,86,41,57,18,29,2,2,59,86,18,59,17,32,4,11,14,15,35,91,94,177
2,2017-451-d981-sk47,143,6,2,66,112,47,66,28,46,7,8,75,112,17,61,14,39,3,6,17,17,31,100,106,212
2,2017-451-ke29-ac39,57,4,1,17,38,16,17,16,21,0,0,32,38,12,34,19,28,4,13,8,8,31,62,63,100
2,2017-451-mi43-m850,121,13,3,80,100,53,80,10,20,7,10,63,100,10,52,33,43,6,12,15,14,43,95,106,195
2,2017-451-v306-pd07,75,0,1,36,52,25,36,11,16,0,1,36,52,10,29,18,26,5,8,9,9,28,55,64,107
2,2017-451-v708-y152,65,13,2,29,41,27,29,9,12,0,0,36,41,15,40,14,25,3,9,9,8,29,65,65,106
2,2017-451-z184-mb02,158,9,4,71,117,55,71,27,46,3,4,82,117,14,71,26,49,2,8,17,17,40,120,122,237
2,2017-451-pd07-bg23,62,5,3,27,51,19,27,17,24,3,3,36,51,14,30,9,14,4,6,8,7,23,44,59,95
2,2017-451-s694-la93,62,6,1,28,42,26,28,10,14,0,0,36,42,11,30,11,20,3,8,9,8,22,50,58,92
2,2017-451-g983-be67,76,5,1,34,45,27,34,7,11,0,1,34,45,15,37,18,31,4,11,9,9,33,68,67,113
2,2017-451-sk47-me31,83,11,3,47,81,36,47,12,34,4,8,48,81,13,37,10,19,4,7,12,11,23,56,71,137
2,2017-451-bg23-v495,70,1,3,40,57,28,40,11,17,2,3,39,57,13,37,15,22,4,9,10,9,28,59,67,116
2,2017-451-s694-ga79,163,6,8,65,106,49,65,13,41,3,9,62,106,24,65,26,48,7,14,17,17,50,113,112,219
2,2017-451-be67-c582,94,2,3,34,53,23,34,8,19,1,5,31,53,23,50,17,37,5,13,11,12,40,87,71,140
2,2017-451-me31-f586,122,5,3,47,86,33,47,23,39,0,2,56,86,25,65,18,31,6,8,14,14,43,96,99,182
2,2017-451-la93-d864,62,12,3,32,52,29,32,13,20,0,0,42,52,10,34,10,23,2,5,10,10,20,57,62,109
2,2017-451-sk47-da81,103,7,1,47,69,34,47,12,22,3,4,46,69,21,54,15,25,3,8,10,10,36,79,82,148
2,2017-451-g983-z367,56,4,2,25,41,25,25,6,16,0,1,31,41,18,36,11,13,5,11,8,7,29,49,60,90
2,2017-451-pd07-ac23,53,5,1,22,38,19,22,7,16,0,2,26,38,20,34,10,17,6,9,8,8,30,51,56,89
3,2017-338-e687-tb69,122,1,0,45,94,31,45,23,49,5,9,54,94,20,49,17,32,6,9,13,13,37,81,91,175
3,2017-338-ma30-e687,89,12,4,38,60,33,38,12,22,1,1,45,60,15,46,12,25,2,7,10,10,27,71,72,131
3,2017-338-e687-kb54,110,2,4,40,72,29,40,17,32,0,3,46,72,21,53,19,31,5,8,13,13,40,84,86,156
3,2017-338-ma30-t840,90,16,3,49,76,38,49,16,27,3,3,54,76,4,32,9,23,1,1,11,10,13,55,67,131
3,2017-338-ma30-c882,97,17,2,47,72,36,47,13,25,1,2,49,72,20,50,6,23,2,9,11,11,26,73,75,145
3,2017-338-tb69-e698,160,5,5,60,103,41,60,24,43,3,7,65,103,26,65,27,53,6,12,17,16,53,118,118,221
3,2017-338-kb54-cd85,106,9,5,37,79,29,37,22,42,4,6,51,79,15,46,15,32,3,10,13,12,30,78,81,157
3,2017-338-c882-m873,107,9,3,45,76,35,45,14,31,2,4,49,76,21,54,11,25,3,6,13,13,32,79,81,155
3,2017-338-t840-l503,93,12,1,33,55,30,33,12,22,1,1,42,55,15,49,20,34,2,10,10,9,35,83,77,138
3,2017-338-cd85-z168,130,4,6,61,101,45,61,21,40,5,6,66,101,24,78,16,34,2,11,14,16,40,112,106,213
3,2017-338-k435-tc61,84,5,1,38,65,30,38,16,27,3,4,46,65,13,43,11,18,3,3,11,11,24,61,70,126
3,2017-338-ma30-bh98,103,22,3,40,64,36,40,15,24,0,1,51,64,9,51,30,45,3,13,13,13,39,96,90,160
3,2017-338-kb54-dh58,40,2,1,13,28,9,13,9,15,2,2,18,28,10,20,5,11,2,8,4,4,15,31,33,59
3,2017-338-e687-g710,103,5,3,42,70,35,42,12,28,2,4,47,70,16,51,12,25,3,4,12,13,28,76,75,146
3,2017-338-ma30-d801,127,14,6,56,96,44,56,20,40,2,3,64,96,16,65,18,35,2,7,15,15,34,100,98,196
3,2017-338-k435-f510,81,5,1,38,58,30,38,12,20,3,4,42,58,8,27,13,28,3,5,10,10,21,55,63,113
3,2017-338-kb54-k966,73,6,2,30,48,23,30,9,18,3,5,32,48,17,39,9,17,4,6,9,9,26,56,58,104
3,2017-338-g710-g725,157,5,1,71,105,53,71,22,34,5,6,75,105,21,67,20,39,3,8,17,16,41,106,116,211
3,2017-338-bh98-e831,104,17,4,48,78,39,48,17,30,2,2,56,78,7,45,20,37,0,2,12,12,27,82,83,160
3,2017-338-dh58-pd31,105,2,4,48,82,35,48,20,34,2,5,55,82,18,56,19,37,3,6,15,15,37,93,92,175
3,2017-338-e698-o483,145,11,4,62,114,45,62,29,52,14,15,74,114,26,66,17,34,5,11,14,15,43,100,117,214
3,2017-338-e687-mj08,103,3,3,45,80,30,45,19,35,1,5,49,80,23,62,11,17,6,9,14,14,34,79,83,159
3,2017-338-m873-bd20,81,6,2,39,58,31,39,13,19,2,3,44,58,13,33,11,24,3,5,10,10,24,57,68,115
3,2017-338-l503-mb02,153,9,1,55,106,42,55,33,51,1,3,75,106,11,59,25,54,1,2,17,17,36,113,111,219
3,2017-338-tc61-bg23,83,6,1,36,53,24,36,11,17,1,3,35,53,15,33,17,26,5,6,10,10,32,59,67,112
3,2017-338-z168-a479,70,12,0,35,47,31,35,6,12,1,1,37,47,6,26,20,37,3,7,9,9,26,63,63,110
3,2017-338-e698-bg23,111,7,2,39,79,31,39,22,40,4,5,53,79,17,51,19,36,2,9,11,11,36,87,89,166
3,2017-338-mj08-g725,61,8,1,22,39,19,22,11,17,0,1,30,39,12,26,16,27,5,8,8,8,28,53,58,92
3,2017-338-bh98-bk19,55,11,2,22,46,20,22,14,24,3,3,34,46,14,30,8,15,4,5,8,8,22,45,56,91
3,2017-338-o483-la93,82,8,1,44,68,35,44,10,24,3,4,45,68,12,40,13,19,3,4,11,10,25,59,70,127
3,2017-338-bk19-m850,13,0,1,2,5,1,2,0,3,0,1,1,5,2,5,2,5,0,3,1,1,4,10,5,15
3,2017-338-o483-me89,75,4,1,28,51,22,28,16,23,2,3,38,51,12,25,14,33,4,9,9,9,26,58,64,109
3,2017-338-e698-v495,118,7,4,54,88,42,54,13,34,1,4,55,88,12,41,23,40,5,8,14,14,35,81,90,169
3,2017-338-mj08-f586,159,11,4,74,119,51,74,21,45,9,13,72,119,22,63,23,48,4,15,17,16,45,111,117,230
3,2017-338-bh98-k926,94,16,2,44,74,38,44,18,30,0,0,56,74,15,51,9,26,1,4,12,12,24,77,80,151
3,2017-338-g725-w630,112,1,2,44,66,34,44,15,22,3,4,49,66,15,52,22,41,2,10,11,11,37,93,86,159
3,2017-338-la93-l987,62,6,2,30,52,28,30,13,22,1,1,41,52,11,37,11,18,2,4,10,9,22,55,63,107
3,2017-338-bg23-sc73,66,3,6,56,71,36,56,6,15,5,7,42,71,11,35,18,25,4,9,10,9,29,60,71,131
4,2017-301-sm25-sh90,116,13,3,54,78,43,54,11,24,1,4,54,78,20,60,21,35,5,9,15,15,41,95,95,173
4,2017-301-sm25-j386,71,2,3,30,57,23,30,16,27,1,1,39,57,7,33,10,19,3,4,9,10,17,52,56,109
4,2017-301-sh90-b837,73,3,2,41,59,32,41,11,18,1,1,43,59,6,21,14,27,3,4,10,9,20,48,63,107
4,2017-301-j386-i186,134,12,2,60,94,51,60,22,34,1,2,73,94,19,78,12,27,1,10,17,16,31,105,104,199
4,2017-301-sm25-ca12,130,12,2,57,87,43,57,18,30,2,4,61,87,32,86,22,45,4,25,15,16,54,131,115,218
4,2017-301-b837-v708,70,12,1,27,45,24,27,12,18,0,0,36,45,17,40,10,19,3,7,9,9,27,59,63,104
4,2017-301-sh90-h756,57,1,0,32,53,26,32,13,21,2,2,39,53,10,29,9,16,3,6,9,8,19,45,58,98
4,2017-301-i186-j267,117,22,0,68,87,55,68,13,19,4,5,68,87,10,54,17,41,1,4,15,15,27,95,95,182
4,2017-301-h756-f401,121,11,2,66,104,48,66,21,38,6,9,69,104,20,72,13,26,2,7,15,15,33,98,102,202
4,2017-301-j386-l575,88,5,4,33,64,31,33,21,31,0,0,52,64,6,36,7,25,1,1,11,11,13,61,65,125
4,2017-301-sm25-h940,126,11,6,61,105,42,61,25,44,4,7,67,105,14,61,18,26,4,6,15,14,32,87,99,192
4,2017-301-b837-ba65,126,12,5,62,109,48,62,25,47,8,10,73,109,20,72,21,43,2,10,16,16,41,115,114,224
4,2017-301-sh90-k964,73,3,3,33,58,25,33,13,25,0,2,38,58,8,27,17,24,4,5,10,9,25,51,63,109
4,2017-301-sh90-r772,88,3,3,34,54,27,34,11,20,2,3,38,54,13,33,14,26,4,9,10,9,27,59,65,113
4,2017-301-v708-sf89,143,15,6,66,105,53,66,26,39,5,5,79,105,14,64,10,26,2,3,17,16,24,90,103,195
4,2017-301-l397-v576,108,11,4,47,87,41,47,17,40,6,7,58,87,15,55,19,37,2,7,14,14,34,92,92,179
4,2017-301-b837-me82,97,7,1,29,68,23,29,21,39,2,3,44,68,18,40,10,25,3,7,10,10,28,65,72,133
4,2017-301-ba65-mp01,117,12,3,70,114,47,70,28,44,10,13,75,114,13,57,13,33,2,7,16,15,26,90,101,204
4,2017-301-j386-r612,85,11,3,31,60,28,31,13,29,1,2,41,60,7,33,24,36,3,7,10,9,31,69,72,129
4,2017-301-ca12-sd23,61,1,1,27,46,21,27,16,19,0,0,37,46,8,31,14,25,3,6,9,9,22,56,59,102
4,2017-301-h756-ta04,80,13,3,33,69,26,33,17,36,6,8,43,69,16,39,13,27,4,8,11,11,29,66,72,135
4,2017-301-h940-g476,65,9,1,30,41,24,30,9,11,2,2,33,41,16,38,14,21,4,10,8,7,30,59,63,100
4,2017-301-j267-sm37,93,3,1,35,63,27,35,18,28,1,2,45,63,18,45,12,29,3,7,10,11,30,74,75,137
4,2017-301-k964-bf23,135,14,3,63,101,54,63,18,38,2,3,72,101,23,70,17,34,4,7,15,16,40,104,112,205
4,2017-301-l575-ke29,159,6,5,72,119,59,72,24,47,9,12,83,119,11,62,21,47,2,5,17,17,32,109,115,228
4,2017-301-v708-z184,82,10,6,45,64,34,45,8,19,5,5,42,64,10,28,9,24,3,5,9,10,19,52,61,116
4,2017-301-k964-d916,142,11,4,59,100,42,59,20,41,9,12,62,100,19,61,18,33,3,4,15,14,37,94,99,194
4,2017-301-h940-sf89,76,6,3,27,43,24,27,9,16,2,2,33,43,20,50,16,26,4,14,8,9,36,76,69,119
4,2017-301-mp01-j397,85,4,0,56,74,39,56,12,18,2,3,51,74,11,37,16,28,3,7,10,11,27,65,78,139
4,2017-301-ta04-n771,54,1,4,28,46,22,28,11,18,1,1,33,46,12,31,16,23,4,6,8,8,28,54,61,100
4,2017-301-h940-m844,66,10,1,40,57,33,40,11,17,4,4,44,57,13,46,22,35,2,9,10,10,35,81,79,138
4,2017-301-d916-h788,71,3,5,40,59,33,40,9,19,2,2,42,59,14,38,11,22,3,6,10,10,25,60,67,119
4,2017-301-mp01-j361,45,3,2,24,42,18,24,12,18,2,2,30,42,12,23,12,14,5,7,7,7,24,37,54,79
4,2017-301-n771-d833,55,2,1,40,57,31,40,11,17,2,2,42,57,16,43,11,22,3,10,9,9,27,65,69,122
4,2017-301-j397-sh32,66,6,4,36,51,31,36,11,15,2,2,42,51,15,46,13,25,2,6,10,10,28,71,70,122
4,2017-301-k964-sl81,73,7,3,33,56,26,33,13,23,3,4,39,56,21,43,8,17,4,7,9,9,29,60,68,116
4,2017-301-sf89-pl36,82,4,0,41,59,33,41,10,18,1,1,43,59,12,28,16,34,3,8,9,9,28,62,71,121
4,2017-301-ta04-q019,104,5,7,46,82,31,46,17,36,5,8,48,82,12,45,18,29,3,7,11,11,30,74,78,156
5,2017-580-f324-n409,218,20,3,85,138,65,85,26,53,13,17,91,138,41,110,18,41,6,20,22,22,59,151,150,289
5,2017-580-f324-w367,185,11,3,86,143,62,86,33,57,8,12,95,143,33,89,14,46,4,9,24,23,47,135,142,278
5,2017-580-n409-r975,164,5,4,76,105,63,76,15,29,4,4,78,105,23,71,16,36,2,3,16,16,39,107,117,212
5,2017-580-n409-d875,296,8,3,136,184,94,136,26,48,12,16,120,184,37,124,29,57,5,13,28,27,66,181,186,365
5,2017-580-w367-t786,135,4,2,58,107,41,58,32,49,5,6,73,107,12,46,23,40,3,3,16,15,35,86,108,193
5,2017-580-d875-gb88,133,9,4,62,96,46,62,15,34,8,10,61,96,14,44,31,50,6,15,14,13,45,94,106,190
5,2017-580-z168-mc10,214,7,2,91,137,60,91,21,46,8,13,81,137,33,95,32,50,8,17,21,21,65,145,146,282
5,2017-580-f324-z168,92,9,1,55,79,38,55,16,24,1,2,54,79,34,72,12,25,6,15,14,13,46,97,100,176
5,2017-580-r975-bd06,169,33,9,74,113,60,74,18,39,7,10,78,113,32,88,18,39,5,16,19,19,50,127,128,240
5,2017-580-f324-n552,204,24,6,98,146,79,98,23,48,6,9,102,146,34,107,33,57,7,18,24,24,67,164,169,310
5,2017-580-w367-sa93,164,17,2,68,117,55,68,32,49,2,4,87,117,22,85,26,51,2,9,18,18,48,136,135,253
5,2017-580-n409-mc65,176,2,1,74,101,53,74,17,27,3,6,70,101,26,75,30,55,6,17,19,19,56,130,126,231
5,2017-580-t786-e687,173,17,2,81,122,66,81,25,41,4,4,91,122,27,100,27,43,4,14,20,20,54,143,145,265
5,2017-580-gb88-tb69,164,15,2,70,125,51,70,33,55,3,6,84,125,24,77,28,51,6,15,20,20,52,128,136,253
5,2017-580-d875-i165,145,7,1,72,98,58,72,16,26,5,7,74,98,25,72,17,32,4,7,18,17,42,104,116,202
5,2017-580-mc10-q927,119,8,2,56,86,43,56,15,30,2,3,58,86,23,52,16,35,5,8,14,14,39,87,97,173
5,2017-580-r975-sd32,155,20,3,74,112,53,74,23,38,3,6,76,112,25,83,16,26,5,7,19,19,41,109,117,221
5,2017-580-mc65-k435,116,9,4,68,97,52,68,11,29,3,6,63,97,16,52,14,28,5,6,16,15,30,80,93,177
5,2017-580-w367-t840,152,16,4,71,117,52,71,24,46,4,9,76,117,22,70,32,52,7,13,19,18,54,122,130,239
5,2017-580-n552-l797,131,5,3,46,76,38,46,20,30,1,2,58,76,14,60,31,46,4,9,15,15,45,106,103,182
5,2017-580-tb69-pd31,144,10,3,85,128,53,85,25,43,12,17,78,128,12,53,38,57,8,11,19,18,50,110,128,238
5,2017-580-n409-z355,246,11,4,113,150,82,113,23,37,5,7,105,150,31,108,37,64,5,16,25,23,68,172,173,322
5,2017-580-f324-ba47,90,8,2,41,70,39,41,17,29,0,0,56,70,9,52,20,29,4,5,14,14,29,81,85,151
5,2017-580-gb88-k336,88,3,3,39,66,37,39,19,27,0,0,56,66,16,58,13,20,4,7,14,13,29,78,85,144
5,2017-580-t786-sm25,213,24,5,103,155,82,103,28,52,5,6,110,155,23,94,37,72,3,11,23,22,60,166,170,321
5,2017-580-d875-g628,122,11,4,70,95,57,70,9,25,6,7,66,95,21,49,17,33,5,9,14,13,38,82,104,177
5,2017-580-bd06-f401,242,5,5,106,182,70,106,40,76,15,20,110,182,30,82,32,69,7,14,23,23,62,151,172,333
5,2017-580-e687-ta46,168,9,2,76,134,56,76,32,58,7,10,88,134,22,82,19,32,4,6,18,18,41,114,129,248
5,2017-580-i165-cd85,207,15,1,93,141,70,93,27,48,9,12,97,141,27,86,31,65,5,7,24,24,58,151,155,292
5,2017-580-sa93-d632,187,11,5,72,131,60,72,31,59,3,7,91,131,19,74,29,57,4,6,22,22,48,131,139,262
5,2017-580-z168-j267,141,7,3,53,88,38,53,19,35,1,4,57,88,26,68,36,55,9,21,16,16,62,123,119,211
5,2017-580-mc10-re44,97,9,2,44,69,34,44,17,25,0,0,51,69,8,27,24,38,6,7,12,11,32,65,83,134
5,2017-580-i165-d643,289,17,3,133,194,93,133,28,61,9,15,121,194,30,106,35,79,4,14,27,27,65,185,186,379
5,2017-580-r975-ma30,119,21,3,61,95,51,61,20,34,4,4,71,95,21,65,10,28,2,7,16,15,31,93,102,188
5,2017-580-w367-j386,111,12,4,55,88,47,55,19,33,5,5,66,88,23,67,12,26,3,11,15,14,35,93,101,181
5,2017-580-n552-ca12,126,2,0,61,88,41,61,15,27,6,9,56,88,22,54,24,40,7,18,14,14,46,94,102,182
5,2017-580-mc65-d801,117,20,5,62,92,49,62,11,30,3,6,60,92,24,72,32,51,6,19,16,16,56,123,116,215
5,2017-580-e687-c977,178,5,7,83,143,57,83,31,60,16,19,88,143,20,64,22,46,6,14,19,20,42,110,130,253
5,2017-580-tb69-tc61,164,12,4,64,113,52,64,29,49,4,5,81,113,29,67,24,56,7,17,18,19,53,123,134,236
5,2017-580-n409-b837,133,5,0,64,80,46,64,10,16,4,5,56,80,20,53,29,45,6,16,13,12,49,98,105,178
5,2017-580-ba47-h940,125,15,2,48,75,43,48,16,27,2,3,59,75,22,68,39,61,5,15,14,15,61,129,120,204
5,2017-580-gb88-s694,105,7,4,44,80,32,44,23,36,4,5,55,80,19,46,21,33,7,13,12,13,40,79,95,159
5,2017-580-t786-l987,106,15,2,45,79,38,45,17,34,3,4,55,79,27,57,15,28,6,15,13,12,42,85,97,164
5,2017-580-bd06-n732,129,9,1,62,77,40,62,7,15,6,10,47,77,37,72,27,46,9,21,13,13,64,118,111,195
5,2017-580-sa93-ke17,189,16,4,86,149,66,86,40,63,7,10,106,149,31,119,25,52,5,12,27,28,56,171,162,320
5,2017-580-d875-ch27,156,12,4,76,117,52,76,22,41,10,15,74,117,18,71,22,33,5,10,19,18,40,104,114,221
5,2017-580-g628-b884,105,2,5,39,71,29,39,21,32,2,2,50,71,18,38,23,34,7,13,11,10,41,72,91,143
5,2017-580-f324-rc96,124,18,2,67,112,54,67,25,45,5,6,79,112,22,58,17,44,3,8,17,16,39,102,118,214
5,2017-580-z168-i186,250,20,13,128,212,107,128,43,84,16,17,150,212,37,143,24,60,3,16,31,31,61,203,211,415
5,2017-580-k336-w630,121,19,8,51,92,44,51,23,41,5,5,67,92,11,46,23,46,3,10,15,15,34,92,101,184
5,2017-580-f401-e873,166,7,7,84,141,58,84,30,57,11,13,88,141,20,68,26,53,4,14,18,18,46,121,134,262
5,2017-580-sm25-ke29,135,8,5,62,107,50,62,21,45,8,9,71,107,17,58,31,53,4,15,15,14,48,111,119,218
5,2017-580-z355-td51,117,9,6,55,99,41,55,26,44,5,5,67,99,21,55,12,28,4,8,14,13,33,83,100,182
5,2017-580-sd32-sc73,96,3,5,47,67,41,47,10,20,2,2,51,67,21,50,18,31,6,11,12,12,39,81,90,148
5,2017-580-t840-l503,227,21,6,83,154,64,83,35,71,12,16,99,154,31,100,29,60,3,11,23,23,60,160,159,314
5,2017-580-ta46-e224,201,19,2,96,134,77,96,21,38,3,5,98,134,27,104,29,60,2,8,23,23,56,164,154,298
5,2017-580-cd85-e831,107,7,0,58,89,46,58,16,31,6,6,62,89,11,42,23,37,5,8,13,13,34,79,96,168
5,2017-580-k435-y124,111,3,3,43,77,33,43,23,34,4,5,56,77,32,62,16,31,7,12,13,14,48,93,104,170
5,2017-580-q927-,108,9,9,46,89,43,46,21,43,3,3,64,89,24,68,24,32,5,13,13,12,48,100,112,189
5,2017-580-d632-sm37,153,5,0,80,114,57,80,16,34,5,8,73,114,21,67,27,51,5,10,18,18,48,118,121,232
5,2017-580-j267-bk92,97,8,4,48,82,34,48,20,34,7,10,54,82,20,50,28,42,8,12,14,15,48,92,102,174
5,2017-580-mc10-me89,167,11,4,53,112,44,53,26,59,2,5,70,112,18,53,27,46,6,8,16,16,45,99,115,211
5,2017-580-pd31-f510,209,22,10,97,176,70,97,36,79,10,16,106,176,37,93,26,67,6,14,25,24,63,160,169,336
5,2017-580-l797-sc56,136,8,1,65,118,45,65,28,53,8,12,73,118,25,67,15,31,6,11,18,17,40,98,113,216
5,2017-580-d643-v306,140,2,2,60,94,44,60,18,34,3,5,62,94,22,55,31,51,6,16,14,13,53,106,115,200
5,2017-580-r975-ba65,93,18,5,50,79,41,50,18,29,3,3,59,79,21,55,18,38,4,10,14,13,39,93,98,172
5,2017-580-w367-k966,204,21,6,102,160,78,102,27,58,11,16,105,160,43,120,13,37,6,16,26,26,56,157,161,317
5,2017-580-mc65-v708,92,4,3,34,71,28,34,25,37,2,3,53,71,18,46,17,28,6,12,13,12,35,74,88,145
5,2017-580-n552-kb54,214,11,0,98,158,67,98,34,60,7,12,101,158,26,78,37,64,9,12,25,24,63,142,164,300
5,2017-580-tb69-sl28,174,12,9,62,132,52,62,30,70,8,10,82,132,15,73,40,67,5,19,19,20,55,140,137,272
5,2017-580-ba47-v495,40,2,2,10,22,8,10,9,12,1,1,17,22,10,18,6,10,2,3,4,4,16,28,33,50
5,2017-580-c977-j397,185,27,8,75,127,62,75,31,52,2,4,93,127,33,92,17,44,5,11,23,22,50,136,143,263
5,2017-580-n409-mb02,124,6,0,53,76,41,53,19,23,0,0,60,76,25,66,14,36,3,12,15,14,39,102,99,178
5,2017-580-gb88-o522,176,13,7,76,146,59,76,43,70,5,7,102,146,21,85,31,59,4,6,24,24,52,144,154,290
5,2017-580-t786-mj08,143,20,5,49,103,43,49,34,54,3,4,77,103,21,60,27,51,7,14,18,18,48,111,125,214
5,2017-580-bd06-pc11,84,7,1,38,60,37,38,12,22,1,1,49,60,17,40,19,27,6,12,12,11,36,67,85,127
5,2017-580-ke17-e698,85,9,3,36,64,29,36,22,28,0,0,51,64,14,34,20,33,6,11,12,11,34,67,85,131
5,2017-580-bk92-pf39,104,16,9,51,95,44,51,18,44,3,6,62,95,15,55,26,40,7,11,17,17,41,95,103,190
5,2017-580-d875-o483,122,15,0,47,81,46,47,21,34,0,0,67,81,20,64,23,46,3,13,15,15,43,110,110,191
5,2017-580-f324-m762,125,19,1,66,103,51,66,20,37,1,4,71,103,36,83,13,28,7,9,18,19,49,111,120,214
5,2017-580-g628-mm79,113,2,1,52,82,38,52,20,30,0,1,58,82,18,49,14,29,5,8,14,14,32,78,90,160
5,2017-580-k336-z184,315,76,12,140,213,127,140,44,73,3,4,171,213,27,152,36,85,4,9,41,42,63,237,234,450
5,2017-580-i186-k776,143,35,6,79,111,67,79,20,32,2,2,87,111,15,74,21,38,4,10,20,18,36,112,123,223
5,2017-580-f401-j553,86,4,2,45,67,38,45,11,22,1,1,49,67,18,43,16,25,6,12,12,11,34,68,83,135
5,2017-580-sm37-c882,82,6,4,42,72,30,42,22,30,3,4,52,72,18,43,24,37,7,9,12,12,42,80,94,152
5,2017-580-sm25-h996,133,10,6,69,105,56,69,15,36,5,6,71,105,19,68,20,36,3,12,16,15,39,104,110,209
5,2017-580-z355-h756,174,18,10,92,144,69,92,24,52,12,16,93,144,21,81,35,59,7,14,23,23,56,140,149,284
5,2017-580-sd32-mp01,111,2,3,39,83,25,39,31,44,4,5,56,83,23,51,16,26,6,8,13,12,39,77,95,160
5,2017-580-l797-r772,200,17,4,86,140,64,86,30,54,8,12,94,140,23,86,33,65,4,11,24,24,56,151,150,291
5,2017-580-f510-l397,123,5,3,43,81,38,43,23,38,0,2,61,81,22,70,39,63,6,28,16,17,61,133,122,214
5,2017-580-ta46-bd20,97,12,2,45,70,39,45,17,25,3,3,56,70,21,55,17,28,5,12,13,12,38,83,94,153
5,2017-580-t840-d923,167,14,2,80,123,58,80,24,43,5,11,82,123,23,80,32,63,5,15,23,22,55,143,137,266
5,2017-580-cd85-pb22,143,21,8,59,101,49,59,19,42,3,7,68,101,32,73,28,50,7,20,18,17,60,123,128,224
5,2017-580-q927-hb64,166,31,10,81,133,72,81,23,52,3,6,95,133,23,88,29,63,5,16,22,21,52,151,147,284
5,2017-580-b837-y061,65,5,1,18,36,16,18,10,18,2,2,26,36,13,31,11,18,3,10,6,6,24,49,50,85
5,2017-580-k435-bg23,152,12,4,66,114,51,66,28,48,4,7,79,114,31,94,21,43,4,7,20,21,52,137,131,251
5,2017-580-b884-a829,236,18,5,92,157,70,92,34,65,8,12,104,157,36,110,19,44,4,9,23,23,55,154,159,311
5,2017-580-ca12-a479,23,3,3,13,20,10,13,3,7,2,2,13,20,3,6,7,9,2,2,2,3,10,15,23,35
5,2017-580-d632-g940,131,3,0,58,91,48,58,18,33,1,2,66,91,19,63,28,52,5,10,17,17,47,115,113,206
5,2017-580-ch27-o376,105,4,1,39,69,27,39,21,30,1,2,48,69,14,38,26,42,7,16,12,13,40,80,88,149
5,2017-580-d801-cg80,177,15,9,74,132,57,74,30,58,6,9,87,132,23,79,29,55,4,11,20,20,52,134,139,266
5,2017-580-dh58-mi43,222,12,7,96,167,65,96,34,71,12,19,99,167,40,105,27,52,7,20,25,23,67,157,166,324
5,2017-580-e831-g725,110,12,2,43,78,39,43,20,35,0,1,59,78,16,48,20,37,5,10,15,14,36,85,95,163
5,2017-580-sc73-dc58,185,13,3,77,130,54,77,26,53,7,12,80,130,26,78,25,54,5,13,21,21,51,132,131,262
5,2017-580-e873-mm58,156,9,3,67,122,51,67,36,55,4,5,87,122,18,79,27,56,4,11,20,21,45,135,132,257
5,2017-580-e224-bh09,190,4,6,99,143,63,99,20,44,9,15,83,143,22,73,31,62,5,10,20,19,53,135,136,278
5,2017-580-h940-m873,123,8,3,50,77,38,50,14,27,4,6,52,77,23,57,23,38,6,14,14,13,46,95,98,172
5,2017-580-e687-bf23,116,14,3,51,88,43,51,22,37,2,2,65,88,16,50,26,44,4,10,14,14,42,94,107,182
5,2017-580-i165-d646,155,14,2,78,119,61,78,19,41,8,11,80,119,18,65,28,48,6,9,19,19,46,113,126,232
5,2017-580-j267-sc47,120,7,4,35,77,30,35,23,42,2,4,53,77,17,53,30,46,6,14,14,14,47,99,100,176
5,2017-580-j386-d874,120,17,1,43,79,40,43,23,36,2,2,63,79,12,49,22,37,3,6,15,14,34,86,97,165
5,2017-580-ke29-me82,165,32,4,76,126,66,76,25,50,5,6,91,126,23,88,24,53,3,10,19,21,47,141,138,267
5,2017-580-l987-r612,120,4,4,57,96,42,57,17,39,7,9,59,96,25,54,23,46,6,13,14,13,48,100,107,196
5,2017-580-l503-d994,196,10,5,82,141,64,82,30,59,7,9,94,141,15,70,36,72,4,7,22,22,51,142,145,283
5,2017-580-ma30-fb98,134,30,4,70,108,58,70,22,38,6,6,80,108,17,70,15,33,1,1,17,16,32,103,112,211
5,2017-580-n732-bi81,150,1,4,67,115,46,67,26,48,4,7,72,115,22,70,26,48,5,10,17,18,48,118,120,233
5,2017-580-pd31-h355,97,23,4,42,74,34,42,17,32,1,2,51,74,19,43,16,41,2,5,11,11,35,84,86,158
5,2017-580-rc96-f811,188,15,6,94,160,70,94,31,66,5,10,101,160,34,112,41,62,8,14,25,24,75,174,176,334
5,2017-580-re44-l575,170,19,6,74,142,58,74,34,68,19,22,92,142,18,66,27,51,4,7,21,19,45,117,137,259
5,2017-580-sc56-g710,154,1,3,84,113,54,84,13,29,4,8,67,113,31,69,27,43,10,18,17,18,58,112,125,225
5,2017-580-sa93-m850,185,33,6,93,159,74,93,39,66,13,14,113,159,21,84,26,64,3,10,23,23,47,148,160,307
5,2017-580-s694-t315,119,15,4,65,99,52,65,20,34,4,4,72,99,19,58,16,29,3,8,15,14,35,87,107,186
5,2017-580-tc61-sh90,201,21,1,96,146,70,96,27,50,8,11,97,146,25,74,27,58,8,13,23,23,52,132,149,278
5,2017-580-w630-pg32,145,12,10,64,112,48,64,27,48,5,7,75,112,19,66,25,41,6,9,18,19,44,107,119,219
5,2017-580-td51-k926,157,13,4,63,114,51,63,28,51,4,5,79,114,21,65,24,46,6,14,19,17,45,111,124,225
5,2017-580-y124-f586,150,8,6,67,118,48,67,23,51,10,14,71,118,30,65,22,49,6,13,16,16,52,114,123,232
5,2017-580-z168-g476,142,8,2,69,100,49,69,15,31,5,8,64,100,18,54,25,45,6,11,15,16,43,99,107,199
5,2017-580-f811-mi01,126,5,0,75,111,49,75,22,36,6,7,71,111,19,65,10,25,2,4,15,15,29,90,100,201
5,2017-580-s694-sj55,79,3,4,48,71,31,48,13,23,6,7,44,71,14,35,7,14,4,9,9,9,21,49,65,120
5,2017-580-td51-sf62,104,6,0,47,74,34,47,16,27,4,6,50,74,16,48,21,40,5,10,13,14,37,88,87,162
5,2017-580-l797-kb09,71,6,2,39,59,28,39,11,20,4,4,39,59,16,36,8,14,4,10,8,8,24,50,63,109
5,2017-580-rc96-d864,62,3,0,26,46,22,26,14,20,0,0,36,46,14,37,15,27,3,8,9,9,29,64,65,110
5,2017-580-m762-r548,92,4,1,61,81,43,61,11,20,5,6,54,81,21,57,13,27,3,5,13,13,34,84,88,165
5,2017-580-e873-bf55,125,7,2,51,95,35,51,27,44,4,6,62,95,19,62,20,34,5,7,15,15,39,96,101,191
5,2017-580-re44-pb22,130,5,4,54,86,38,54,18,32,6,9,56,86,23,61,20,42,5,15,14,15,43,103,99,189
5,2017-580-sc47-ta29,131,4,1,63,94,40,63,13,31,12,17,53,94,23,55,28,54,6,15,14,13,51,109,104,203
5,2017-580-f586-g602,107,3,6,41,72,31,41,14,31,4,7,45,72,18,48,17,33,4,10,11,11,35,81,80,153
5,2017-580-bi81-b747,78,13,1,43,71,35,43,14,28,4,4,49,71,6,30,10,23,2,5,11,10,16,53,65,124
5,2017-580-bk92-le01,138,13,6,59,93,39,59,14,34,2,7,53,93,29,78,35,58,6,19,15,15,64,136,117,229
5,2017-580-mm79-mg47,153,1,4,70,113,42,70,25,43,8,13,67,113,23,62,20,38,5,8,15,15,43,100,110,213
5,2017-580-o522-rh16,73,16,0,33,55,29,33,19,22,0,0,48,55,12,48,12,22,2,7,10,11,24,70,72,125
5,2017-580-d646-w571,81,6,3,33,48,26,33,5,15,0,2,31,48,17,41,22,34,6,13,9,10,39,75,70,123
5,2017-580-v495-sk67,146,11,3,54,89,39,54,23,35,1,2,62,89,21,65,26,57,2,16,15,15,47,122,109,211
5,2017-580-s694-k834,161,8,13,63,114,43,63,28,51,0,3,71,114,23,71,20,33,5,9,18,17,43,104,114,218
5,2017-580-td51-ra82,70,4,1,33,55,25,33,10,22,3,4,35,55,15,25,14,26,5,9,8,8,29,51,64,106
5,2017-580-re44-se73,91,10,5,42,71,34,42,11,29,2,4,45,71,27,60,9,23,3,7,11,11,36,83,81,154
5,2017-580-f811-te51,101,2,1,40,66,31,40,18,26,3,5,49,66,13,46,25,41,5,10,13,13,38,87,87,153
5,2017-580-l797-g585,112,4,3,48,79,35,48,17,31,4,6,52,79,24,51,13,28,5,13,13,13,37,79,89,158
5,2017-580-d864-e690,117,4,1,67,103,50,67,22,36,5,6,72,103,7,51,20,38,2,5,15,15,27,89,99,192
5,2017-580-m762-da81,68,1,0,32,48,24,32,7,16,2,3,31,48,15,36,14,21,5,7,8,9,29,57,60,105
5,2017-580-mm79-k839,75,6,2,39,57,29,39,7,18,5,7,36,57,19,37,14,28,5,9,9,9,33,65,69,122
5,2017-580-r548-a853,127,10,0,53,77,46,53,11,24,2,3,57,77,25,68,20,42,4,13,15,16,45,110,102,187
5,2017-580-kb09-kc86,126,7,0,63,98,42,63,18,35,5,9,60,98,25,71,18,32,5,9,15,15,43,103,103,201
5,2017-580-e873-i230,59,2,0,28,44,20,28,11,16,0,1,31,44,14,30,9,15,5,6,8,8,23,45,54,89
5,2017-580-pb22-be67,64,6,0,27,46,20,27,15,19,0,1,35,46,9,34,17,27,4,8,9,10,26,61,61,107
5,2017-580-sf62-sk47,63,5,2,41,54,31,41,8,13,2,2,39,54,5,26,16,29,3,4,9,10,21,55,60,109
5,2017-580-sc47-mb53,138,2,1,58,106,40,58,27,48,6,9,67,106,18,59,12,31,3,7,16,15,30,90,97,196
5,2017-580-b747-cc32,66,9,2,28,52,25,28,11,24,1,2,36,52,11,21,16,30,5,6,9,9,27,51,63,103
5,2017-580-mg47-me31,86,5,4,34,57,23,34,11,23,1,3,34,57,17,30,16,34,5,11,9,9,33,64,67,121
5,2017-580-f586-sq80,113,3,7,54,96,41,54,18,42,9,12,59,96,16,46,15,32,5,10,14,14,31,78,90,174
5,2017-580-rc96-cf59,112,5,5,51,95,32,51,14,44,7,14,46,95,14,37,28,41,8,10,14,13,42,78,88,173
5,2017-580-bf55-kd70,68,8,1,38,58,28,38,15,20,3,3,43,58,6,29,12,21,2,4,10,9,18,50,61,108
5,2017-580-bi81-bc65,89,10,0,45,72,32,45,17,27,6,8,49,72,24,59,14,32,3,10,11,11,38,91,87,163
5,2017-580-bk92-cg33,107,20,5,70,106,49,70,18,36,5,7,67,106,15,55,20,36,5,7,15,15,35,91,102,197
5,2017-580-d646-db63,110,7,5,33,71,24,33,19,38,2,6,43,71,16,48,17,27,5,7,12,12,33,75,76,146
5,2017-580-g602-ka46,91,1,3,46,73,32,46,15,27,4,7,47,73,17,40,14,29,5,9,12,12,31,69,78,142
5,2017-580-le01-mn44,127,7,4,50,96,40,50,24,46,5,6,64,96,20,54,23,40,6,13,13,13,43,94,107,190
5,2017-580-mi01-i236,119,1,4,56,101,38,56,25,45,8,10,63,101,14,45,19,37,4,13,14,13,33,82,96,183
5,2017-580-o522-kc12,87,21,3,51,80,38,51,17,29,4,4,55,80,11,47,12,18,1,4,11,10,23,65,78,145
5,2017-580-rh16-e678,105,3,0,56,82,39,56,18,26,1,2,57,82,8,40,15,34,2,5,14,13,23,74,80,156
5,2017-580-sk67-u134,152,7,3,71,121,53,71,23,50,10,13,76,121,12,69,23,42,2,4,17,18,35,111,111,232
5,2017-580-sj55-d750,62,2,0,44,58,34,44,7,14,4,4,41,58,9,36,8,16,3,4,9,10,17,52,58,110
5,2017-580-ta29-g967,27,1,0,19,27,12,19,5,8,2,2,17,27,4,6,7,10,2,5,3,3,11,16,28,43
5,2017-580-v495-sl07,118,12,3,50,77,37,50,14,27,6,8,51,77,24,57,17,40,4,13,13,13,41,97,92,174
5,2017-580-s694-bh02,140,2,6,60,98,41,60,18,38,3,7,59,98,28,63,13,27,7,11,15,14,41,90,100,188
5,2017-580-w571-z246,60,1,3,23,47,19,23,15,24,1,2,34,47,11,29,13,22,4,5,9,9,24,51,58,98
5,2017-580-td51-cf01,135,5,5,57,103,43,57,23,46,5,7,66,103,20,63,11,29,4,8,16,17,31,92,97,195
5,2017-580-ta29-kc04,66,3,1,40,57,33,40,6,17,4,5,39,57,18,37,6,14,4,6,9,9,24,51,63,108
5,2017-580-se73-pg94,57,6,1,24,43,20,24,11,19,3,3,31,43,19,37,10,15,5,13,7,7,29,52,60,95
5,2017-580-le01-kc29,161,9,4,67,114,44,67,22,47,5,9,66,114,25,62,26,49,6,16,16,15,51,111,117,225
5,2017-580-f811-z189,84,8,3,47,72,36,47,18,25,1,1,54,72,9,43,16,28,1,5,11,11,25,71,79,143
5,2017-580-bf55-ke64,71,0,3,33,52,24,33,8,19,2,4,32,52,23,47,12,17,6,14,8,9,35,64,67,116
5,2017-580-z246-b896,170,12,3,85,128,51,85,21,43,5,12,72,128,25,76,34,55,8,18,20,20,59,131,131,259
5,2017-580-g602-sg64,137,7,2,71,99,53,71,16,28,3,5,69,99,18,62,18,40,4,8,17,17,36,102,105,201
5,2017-580-l797-j400,66,6,0,29,46,21,29,10,17,2,3,31,46,19,43,16,28,5,13,8,9,35,71,66,117
5,2017-580-d864-pg20,127,9,5,65,101,56,65,12,36,6,8,68,101,21,71,24,42,4,15,16,16,45,113,113,214
5,2017-580-sk67-g983,108,7,4,40,79,29,40,19,39,2,5,48,79,14,51,22,31,3,5,12,12,36,82,84,161
5,2017-580-da81-sf41,100,4,2,49,76,29,49,15,27,9,13,44,76,18,37,13,27,6,10,11,11,31,64,75,140
5,2017-580-k839-n674,91,6,5,43,75,37,43,16,32,4,4,53,75,12,47,20,37,1,6,11,11,32,84,85,159
5,2017-580-kc12-c582,115,11,1,54,76,36,54,12,22,6,9,48,76,17,50,17,37,3,8,13,13,34,87,82,163
5,2017-580-bi81-ca99,133,10,4,61,99,49,61,23,38,3,3,72,99,12,56,30,61,2,11,16,16,42,117,114,216
5,2017-580-bk92-d981,118,10,6,61,105,45,61,24,44,3,6,69,105,24,68,24,49,4,15,18,17,48,117,117,222
5,2017-580-kb09-sm09,91,3,1,43,70,32,43,15,27,4,5,47,70,19,43,13,29,3,7,11,11,32,72,79,142
5,2017-580-i236-pd07,111,11,2,65,98,47,65,14,33,8,10,61,98,8,47,19,32,3,7,14,14,27,79,88,177
5,2017-580-r548-i305,86,1,2,45,76,32,45,16,31,6,7,48,76,13,38,12,24,3,3,10,10,25,62,73,138
5,2017-580-e873-mn13,93,4,0,47,69,36,47,16,22,0,1,52,69,23,74,14,27,2,7,12,12,37,101,89,170
5,2017-580-pb22-lc11,66,4,0,28,45,22,28,13,17,0,1,35,45,16,37,12,26,4,10,9,9,28,63,63,108
5,2017-580-sl07-l949,62,8,0,30,50,25,30,11,20,2,2,36,50,11,31,12,22,4,9,8,9,23,53,59,103
5,2017-580-db63-mf35,55,2,0,27,44,21,27,10,17,2,2,31,44,10,22,14,23,5,9,7,7,24,45,55,89
5,2017-580-sf62-sh91,71,8,1,33,50,23,33,13,17,0,1,36,50,10,28,17,29,4,8,9,9,27,57,63,107
5,2017-580-b747-mm66,71,5,1,23,44,17,23,15,21,0,1,32,44,11,31,18,30,4,6,9,9,29,61,61,105
5,2017-580-d750-gb93,146,16,3,78,116,55,78,20,38,7,11,75,116,24,69,17,40,5,7,19,19,41,109,116,225
5,2017-580-sc47-be54,86,2,2,42,66,27,42,16,24,2,5,43,66,12,46,18,30,5,9,10,11,30,76,73,142
5,2017-580-rh16-g681,78,5,1,43,64,27,43,10,21,1,4,37,64,12,36,17,23,5,8,10,10,29,59,66,123
5,2017-580-me31-bh76,63,1,5,27,51,21,27,11,24,5,6,32,51,22,35,10,23,5,14,8,8,32,58,64,109
5,2017-580-f586-ka98,130,4,5,54,95,44,54,22,41,2,3,66,95,13,56,26,46,3,5,16,15,39,102,105,197
5,2017-580-cf59-me05,83,6,3,45,63,32,45,11,18,4,4,43,63,10,37,19,27,3,9,9,9,29,64,72,127
5,2017-580-a853-j0a6,56,2,0,18,34,16,18,16,16,0,0,32,34,15,32,15,26,4,7,8,8,30,58,62,92
5,2017-580-bc65-sf76,75,2,2,35,57,27,35,15,22,1,2,42,57,9,39,18,31,3,7,10,11,27,70,69,127
5,2017-580-be67-ga79,115,14,1,45,76,33,45,19,31,3,5,52,76,18,49,24,46,4,9,13,13,42,95,94,171
5,2017-580-cc32-mf90,60,3,3,30,48,21,30,13,18,3,3,34,48,18,38,9,15,4,9,8,7,27,53,61,101
5,2017-580-cg33-sl08,70,5,2,42,61,33,42,15,19,4,4,48,61,12,36,8,20,2,4,10,9,20,56,68,117
5,2017-580-e690-g806,45,3,1,30,38,29,30,4,8,0,0,33,38,16,30,9,18,4,6,8,7,25,48,58,86
5,2017-580-d646-w471,65,5,3,23,42,19,23,15,19,2,2,34,42,14,33,16,25,4,7,8,8,30,58,64,100
5,2017-580-e678-bk19,90,4,4,45,74,33,45,13,29,7,9,46,74,14,36,8,30,3,4,12,12,22,66,68,140
5,2017-580-g967-me64,41,8,1,26,41,23,26,9,15,3,3,32,41,9,22,15,18,5,8,7,7,24,40,56,81
5,2017-580-i230-mn20,97,3,2,52,78,32,52,15,26,5,8,47,78,16,48,11,16,4,5,11,11,27,64,74,142
5,2017-580-g585-la93,96,7,3,54,76,45,54,13,22,5,5,58,76,12,53,12,27,0,2,12,12,24,80,82,156
5,2017-580-k834-da67,47,2,1,23,33,19,23,9,10,0,0,28,33,7,24,13,20,2,4,7,8,20,44,48,77
5,2017-580-ka46-ba23,87,2,3,60,81,42,60,11,21,1,2,53,81,14,37,11,28,2,3,11,10,25,65,78,146
5,2017-580-kc86-h896,52,2,0,24,40,20,24,12,16,0,0,32,40,10,28,15,22,4,7,8,8,25,50,57,90
5,2017-580-kd70-kh56,110,8,3,50,80,38,50,14,30,4,7,52,80,14,46,30,50,5,9,14,14,44,96,96,176
5,2017-580-mg47-ph42,108,11,6,51,81,35,51,10,30,5,10,45,81,23,47,17,29,6,6,12,12,40,76,85,157
5,2017-580-m762-da86,98,10,0,52,75,35,52,13,23,3,6,48,75,25,66,16,24,5,13,13,13,41,90,89,165
5,2017-580-mi01-bj05,58,1,1,21,43,18,21,16,22,1,1,34,43,21,47,11,21,4,11,8,9,32,68,66,111
5,2017-580-mm79-k596,48,5,2,25,45,21,25,14,20,1,1,35,45,9,20,11,21,4,7,8,7,20,41,55,86
5,2017-580-mb53-bc72,117,8,2,50,86,39,50,25,36,2,4,64,86,19,68,15,37,2,8,15,16,34,105,98,191
5,2017-580-mn44-f724,104,7,4,66,90,43,66,11,24,6,9,54,90,14,42,23,37,5,9,13,12,37,79,91,169
5,2017-580-rc96-sk94,127,2,0,56,85,41,56,17,29,3,6,58,85,23,69,26,45,4,15,16,16,49,114,107,199
5,2017-580-o522-n679,69,25,5,40,66,35,40,12,26,3,3,47,66,9,36,10,20,2,3,11,10,19,56,66,122
5,2017-580-ra82-d916,122,4,1,67,95,44,67,9,28,9,14,53,95,21,54,20,36,5,8,14,13,41,90,94,185
5,2017-580-sk47-s483,90,4,4,37,70,22,37,21,33,2,5,43,70,17,48,16,28,4,7,11,11,33,76,76,146
5,2017-580-re44-ph71,121,8,3,67,102,50,67,20,35,6,7,70,102,19,60,24,47,4,13,15,14,43,107,113,209
5,2017-580-sq80-y218,91,4,4,36,78,26,36,22,42,2,4,48,78,11,36,17,28,3,8,11,10,28,64,76,142
5,2017-580-sj55-v620,79,9,0,40,56,30,40,10,16,0,1,40,56,13,40,18,34,3,8,10,11,31,74,71,130
5,2017-580-te51-v784,48,9,3,25,40,22,25,8,15,2,2,30,40,16,32,13,18,5,8,7,8,29,50,59,90
5,2017-580-u134-tc11,98,6,3,54,73,36,54,10,19,5,8,46,73,16,46,24,39,4,11,11,11,40,85,86,158
5,2017-580-w571-bh87,54,4,2,23,43,19,23,12,20,1,1,31,43,15,31,11,19,5,7,7,7,26,50,57,93
5,2017-580-v495-gb53,128,7,4,46,90,31,46,25,44,2,5,56,90,20,52,26,48,6,15,14,15,46,100,102,190
6,2017-375-t786-mm58,67,7,0,27,48,26,27,14,21,0,0,40,48,13,36,10,22,3,4,10,10,23,58,63,106
6,2017-375-z355-t786,140,6,6,52,106,39,52,33,54,3,4,72,106,12,51,25,46,4,6,15,15,37,97,109,203
6,2017-375-z355-g628,88,8,4,46,72,37,46,11,26,0,1,48,72,9,37,13,24,2,3,11,10,22,61,70,133
6,2017-375-g628-pd31,69,3,2,41,59,29,41,9,18,3,4,38,59,7,19,20,28,5,7,8,8,27,47,65,106
6,2017-375-z355-ca12,99,13,7,43,74,38,43,18,31,2,3,56,74,18,58,14,30,3,11,14,14,32,88,88,162
6,2017-375-g628-d750,137,3,1,55,90,37,55,19,35,2,5,56,90,22,73,26,37,5,22,15,15,48,110,104,200
6,2017-375-ba65-c977,61,8,0,25,52,22,25,18,27,0,0,40,52,6,30,10,21,2,3,10,10,16,51,56,103
6,2017-375-pd31-ba65,22,3,2,7,18,5,7,5,11,2,2,10,18,0,0,2,2,0,0,1,0,2,2,12,20
6,2017-375-t786-h996,45,7,0,21,38,20,21,12,17,0,0,32,38,8,25,11,13,4,5,8,7,19,38,51,76
6,2017-375-g628-j267,80,3,1,38,64,29,38,12,26,5,7,41,64,11,33,18,26,5,7,10,10,29,59,70,123
6,2017-375-pd31-l397,91,14,3,30,64,28,30,21,34,1,2,49,64,24,67,16,33,2,16,11,11,40,100,89,164
6,2017-375-z355-bh09,123,10,10,65,115,49,65,17,50,11,15,66,115,17,49,18,36,4,11,16,15,35,85,101,200
6,2017-375-mm58-v306,61,8,1,35,59,25,35,15,24,2,3,40,59,19,41,2,5,4,4,9,9,21,46,61,105
6,2017-375-ca12-m850,112,15,4,54,83,42,54,15,29,7,8,57,83,10,41,24,44,3,5,13,13,34,85,91,168
6,2017-375-l397-b747,128,16,2,58,94,50,58,18,36,3,5,68,94,18,62,21,41,2,9,16,15,39,103,107,197
6,2017-375-d750-me89,115,7,2,67,90,51,67,13,23,3,4,64,90,9,48,16,33,1,2,12,12,25,81,89,171
6,2017-375-d750-z168,60,3,4,40,59,29,40,12,19,7,8,41,59,6,23,14,22,3,5,10,9,20,45,61,104
6,2017-375-ca12-g710,98,4,7,51,79,36,51,14,28,7,9,50,79,14,40,21,34,5,8,12,12,35,74,85,153
6,2017-375-v306-bk24,54,0,4,22,32,19,22,5,10,0,1,24,32,19,33,16,25,6,13,7,8,35,58,59,90
6,2017-375-bh09-cg80,114,12,4,51,80,36,51,17,29,0,3,53,80,25,64,15,29,5,10,15,14,40,93,93,173
6,2017-375-ba65-g476,84,11,3,41,73,32,41,20,32,4,4,52,73,13,43,11,27,1,4,11,10,24,70,76,143
6,2017-375-h996-hb48,81,14,0,41,59,33,41,12,18,2,2,45,59,13,45,17,31,2,10,11,10,30,76,75,135
6,2017-375-j267-lc11,135,8,2,63,105,45,63,23,42,1,4,68,105,17,66,22,46,2,11,15,16,39,112,107,217
6,2017-375-me89-hb64,76,4,1,33,59,26,33,15,26,0,0,41,59,11,35,15,31,2,6,10,10,26,66,67,125
6,2017-375-m850-me31,114,2,2,50,95,36,50,24,45,6,8,60,95,19,53,14,27,4,9,14,13,33,80,93,175
6,2017-375-mm58-k839,78,8,1,37,64,28,37,16,27,3,4,44,64,14,45,13,23,3,8,10,10,27,68,71,132
6,2017-375-b747-n679,129,18,12,59,106,46,59,20,47,10,12,66,106,22,63,14,38,3,7,14,15,36,101,102,207
6,2017-375-pd31-ke29,78,10,4,44,74,34,44,15,30,0,2,49,74,6,32,15,32,3,5,11,11,21,64,70,138
6,2017-375-d750-bk24,75,8,4,46,63,39,46,10,17,1,1,49,63,12,43,15,26,2,8,10,10,27,69,76,132
6,2017-375-hb48-me31,79,11,4,44,71,28,44,16,27,4,5,44,71,12,36,12,20,3,8,10,9,24,56,68,127
6,2017-375-lc11-e678,144,3,3,71,120,48,71,24,49,13,16,72,120,15,51,27,54,4,8,15,16,42,105,114,225
6,2017-375-b747-me04,69,15,1,33,57,30,33,13,24,1,1,43,57,14,42,9,21,2,4,10,10,23,63,66,120
6,2017-375-me31-mw02,76,1,7,37,66,24,37,13,29,8,11,37,66,18,38,15,20,6,10,9,9,33,58,70,124
6,2017-375-d750-kc56,99,7,3,51,67,38,51,8,16,2,3,46,67,21,56,16,29,3,10,10,10,37,85,83,152
6,2017-375-e678-m824,74,8,1,39,65,27,39,14,26,2,5,41,65,10,33,18,33,5,8,11,11,28,66,69,131
6,2017-375-hb48-la93,56,4,2,28,51,23,28,18,23,1,1,41,51,6,27,11,23,2,3,10,9,17,50,58,101
6,2017-375-n679-sd46,45,10,3,25,40,21,25,11,15,0,0,32,40,18,35,9,16,4,10,8,8,27,51,59,91
6,2017-375-bk24-j400,60,1,0,28,46,20,28,11,18,1,2,31,46,18,42,19,31,5,14,8,9,37,73,68,119
6,2017-375-lc11-sh91,76,9,4,31,58,24,31,16,27,3,4,40,58,18,40,13,21,4,8,9,9,31,61,71,119
7,2017-7161-e224-bd20,125,4,3,53,90,38,53,20,37,6,8,58,90,8,38,26,49,2,10,12,12,34,87,92,177
7,2017-7161-r772-cf59,175,4,8,59,113,47,59,24,54,4,5,71,113,17,56,23,49,3,10,15,15,40,105,111,218
7,2017-7161-e224-l503,154,4,2,70,108,55,70,24,38,5,7,79,108,7,60,25,47,3,3,18,18,32,107,111,215
7,2017-7161-l503-r772,73,5,5,28,48,22,28,12,20,1,2,34,48,17,31,9,18,4,8,9,8,26,49,60,97
7,2017-7161-l503-r548,67,6,3,23,56,20,23,23,33,3,3,43,56,7,27,6,18,2,6,10,9,13,45,56,101
7,2017-7161-bd20-o376,54,6,2,18,35,18,18,14,17,0,0,32,35,13,22,11,20,4,9,8,7,24,42,56,77
7,2017-7161-e224-gb53,79,6,1,40,61,33,40,12,21,2,2,45,61,6,33,13,26,2,6,10,10,19,59,64,120
7,2017-7161-r772-f444,88,2,2,40,60,32,40,8,20,3,5,40,60,15,36,17,32,5,11,10,10,32,68,72,128
7,2017-7161-l503-e690,66,5,1,26,53,23,26,17,27,0,0,40,53,9,37,8,16,2,4,10,10,17,53,57,106
7,2017-7161-bd20-t742,131,9,2,57,89,42,57,20,32,4,5,62,89,11,55,27,45,1,5,12,12,38,100,100,189
7,2017-7161-e224-k336,132,3,3,82,112,70,82,20,30,0,0,90,112,9,79,9,29,0,0,18,18,18,108,108,220
7,2017-7161-o376-g725,108,4,8,44,85,33,44,22,41,6,10,55,85,14,46,16,32,4,6,14,15,30,78,85,163
7,2017-7161-cf59-l430,83,0,5,38,62,29,38,11,24,1,2,40,62,10,31,10,19,3,5,10,9,20,50,60,112
7,2017-7161-gb53-mi43,150,11,10,57,109,45,57,33,52,4,5,78,109,24,78,16,34,3,4,16,17,40,112,118,221
7,2017-7161-r548-kc29,79,5,3,43,68,37,43,15,25,3,3,52,68,7,29,13,32,1,3,11,10,20,61,72,129
7,2017-7161-r548-d801,109,13,6,51,92,40,51,17,41,4,7,57,92,17,66,25,43,4,11,14,16,42,109,99,201
7,2017-7161-mi43-z184,142,14,7,65,98,55,65,22,33,2,2,77,98,8,52,20,49,1,3,17,16,28,101,105,199
7,2017-7161-l430-mj08,66,7,2,29,49,24,29,12,20,2,2,36,49,11,32,15,22,4,5,8,9,26,54,62,103
7,2017-7161-o376-ga36,145,5,3,52,98,37,52,26,46,5,9,63,98,20,67,27,45,5,8,16,16,47,112,110,210
7,2017-7161-cf59-sc73,76,8,7,28,57,20,28,18,29,4,4,38,57,10,25,14,25,4,6,8,8,24,50,62,107
7,2017-7161-e690-v620,97,12,7,59,97,47,59,16,38,7,9,63,97,11,37,15,38,2,3,14,13,26,75,89,172
7,2017-7161-e224-mf35,113,1,5,47,72,33,47,15,25,3,6,48,72,23,59,17,32,5,13,13,14,40,91,88,163
7,2017-7161-f444-g983,86,2,2,45,69,30,45,11,24,4,6,41,69,15,41,21,33,5,13,9,10,36,74,77,143
7,2017-7161-gb53-sg64,140,11,11,48,99,41,48,29,51,6,7,70,99,11,53,18,43,2,7,17,17,29,96,99,195
7,2017-7161-g725-b896,70,3,5,35,60,27,35,10,25,5,7,37,60,9,33,16,21,4,6,10,10,25,54,62,114
7,2017-7161-kc29-a887,112,4,7,56,95,46,56,19,39,8,9,65,95,8,44,16,30,2,3,15,14,24,74,89,169
7,2017-7161-t742-g676,21,0,1,6,15,6,6,6,9,0,0,12,15,6,13,2,3,1,2,3,2,8,16,20,31
7,2017-7161-cf59-sl07,131,12,5,47,80,38,47,23,33,3,5,61,80,15,52,22,52,2,3,15,16,37,104,98,184
7,2017-7161-gb53-cf01,152,11,7,79,116,61,79,17,37,4,6,78,116,20,70,25,55,3,7,17,17,45,125,123,241
7,2017-7161-v620-si36,102,5,3,40,81,26,40,24,41,6,10,50,81,15,49,17,33,4,6,14,15,32,82,82,163
7,2017-7161-f444-z198,93,3,0,44,63,28,44,12,19,7,9,40,63,12,39,23,38,4,11,10,10,35,77,75,140
7,2017-7161-cf59-me56,85,5,11,33,70,28,33,20,37,3,3,48,70,7,31,10,19,2,6,10,9,17,50,65,120
7,2017-7161-f444-r383,122,8,2,56,85,39,56,16,29,7,9,55,85,16,54,26,46,4,15,13,13,42,100,97,185
7,2017-7161-gb53-ge33,111,5,10,48,84,42,48,19,36,1,2,61,84,25,76,12,24,2,9,14,15,37,100,98,184
7,2017-7161-v620-pl95,57,4,4,23,44,19,23,13,21,2,3,32,44,14,28,14,23,5,10,8,8,28,51,60,95
7,2017-7161-cf01-cc32,117,18,8,80,119,64,80,18,39,3,4,82,119,5,60,10,31,0,0,17,17,15,91,97,210
7,2017-7161-sl07-pg69,82,5,1,33,62,24,33,19,29,4,5,43,62,11,40,22,36,3,12,10,10,33,76,76,138
7,2017-7161-si36-mb53,91,20,8,40,71,34,40,15,31,2,4,49,71,17,43,12,25,3,8,11,10,29,68,78,139
7,2017-7161-z198-cc66,71,2,3,37,54,30,37,11,17,0,0,41,54,8,30,15,29,2,8,10,9,23,59,64,113
8,2017-7434-d875-bg23,64,9,2,28,47,25,28,9,19,3,3,34,47,15,36,16,26,4,8,8,8,31,62,65,109
8,2017-7434-gb88-d632,74,6,2,27,54,21,27,16,27,5,5,37,54,10,32,22,31,4,12,8,8,32,63,69,117
8,2017-7434-d875-gb88,99,10,9,58,85,41,58,8,27,6,9,49,85,11,31,20,33,5,7,11,11,31,64,80,149
8,2017-7434-gb88-bd06,164,12,7,71,122,49,71,22,51,6,11,71,122,12,59,28,45,5,8,17,17,40,104,111,226
8,2017-7434-d875-t840,65,7,4,30,54,27,30,13,24,2,2,40,54,10,32,13,21,3,4,9,9,23,53,63,107
8,2017-7434-bd06-ma30,102,10,1,43,65,34,43,19,22,0,0,53,65,14,64,18,28,1,7,12,12,32,92,85,157
8,2017-7434-bg23-tb69,78,2,3,35,60,27,35,16,25,3,3,43,60,6,27,17,38,2,5,10,10,23,65,66,125
8,2017-7434-bg23-k966,117,3,3,51,76,30,51,11,25,8,14,41,76,27,69,19,24,6,13,12,12,46,93,87,169
8,2017-7434-gb88-a829,118,11,3,47,85,39,47,23,38,3,5,62,85,18,59,22,34,5,9,15,14,40,93,102,178
8,2017-7434-d875-j397,122,15,4,68,102,50,68,21,34,6,7,71,102,12,58,16,32,2,6,16,15,28,90,99,192
8,2017-7434-bd06-sk94,96,2,3,42,68,33,42,16,26,5,6,49,68,9,41,18,27,2,8,11,10,27,68,76,136
8,2017-7434-ma30-y061,82,10,2,40,57,29,40,9,17,1,3,38,57,16,44,16,28,4,9,11,10,32,72,70,129
8,2017-7434-k966-bc72,87,2,1,58,72,39,58,8,14,4,5,47,72,11,47,21,26,3,12,10,10,32,73,79,145
8,2017-7434-d632-sa93,87,4,2,34,64,25,34,18,30,4,6,43,64,11,35,23,40,4,10,11,10,34,75,77,139
8,2017-7434-ma30-bk19,83,17,4,38,63,31,38,11,25,6,6,42,63,14,37,10,16,3,5,9,8,24,53,66,116
8,2017-7434-t840-h756,115,17,7,67,106,48,67,19,39,9,12,67,106,7,47,17,38,2,3,15,15,24,85,91,191
8,2017-7434-k966-kb54,74,3,1,45,56,33,45,7,11,0,1,40,56,9,29,18,29,4,8,9,9,27,58,67,114
8,2017-7434-t840-i306,50,5,2,32,49,26,32,10,17,0,0,36,49,7,26,14,21,3,4,9,8,21,47,57,96
8,2017-7434-bg23-me82,95,4,3,50,81,38,50,11,31,1,4,49,81,17,49,16,31,3,5,12,12,33,80,82,161
8,2017-7434-a829-li39,74,4,1,42,71,31,42,16,29,5,7,47,71,12,29,14,25,4,4,10,10,26,54,73,125
8,2017-7434-bc72-c582,135,17,6,65,110,46,65,23,45,4,7,69,110,23,58,20,48,5,8,16,16,43,106,112,216
8,2017-7434-h756-kc33,68,5,3,25,48,20,25,15,23,0,1,35,48,21,43,8,19,4,7,9,10,29,62,64,110
8,2017-7434-j397-sc56,66,10,7,28,53,25,28,13,25,1,2,38,53,10,35,15,26,3,6,10,10,25,61,63,114
8,2017-7434-d632-mn13,84,1,4,49,73,36,49,14,24,4,5,50,73,19,55,10,18,2,6,11,10,29,73,79,146
8,2017-7434-sa93-d923,115,7,2,45,96,33,45,26,51,4,8,59,96,18,60,17,33,4,7,15,15,35,93,94,189
8,2017-7434-sk94-g681,98,1,1,41,67,27,41,16,26,3,5,43,67,13,42,25,35,5,12,11,10,38,77,81,144
8,2017-7434-y061-tc11,89,8,1,31,66,25,31,17,35,5,8,42,66,14,37,18,33,4,6,11,11,32,70,74,136
8,2017-7434-bc72-g681,121,14,5,62,106,40,62,26,44,7,9,66,106,12,52,15,31,3,5,14,15,27,83,93,189
8,2017-7434-mn13-tc11,81,7,2,45,70,34,45,18,25,3,4,52,70,11,47,16,28,2,5,12,12,27,75,79,145
8,2017-7434-bk19-kb05,93,14,7,47,78,39,47,13,31,4,6,52,78,13,41,13,28,3,4,11,11,26,69,78,147
8,2017-7434-g681-mn20,136,8,7,57,102,42,57,24,45,4,9,66,102,18,67,26,43,5,10,17,17,44,110,110,212
8,2017-7434-sk94-z246,89,3,3,42,69,32,42,13,27,7,8,45,69,14,35,16,29,4,6,9,9,30,64,75,133
8,2017-7434-sk94-d916,92,4,4,39,71,29,39,18,32,4,6,47,71,14,44,21,32,3,7,11,10,35,76,82,147
8,2017-7434-mn13-a0ab,37,5,0,26,38,22,26,7,12,0,0,29,38,9,17,15,19,5,7,7,7,24,36,53,74
8,2017-7434-bk19-sd78,98,16,1,58,86,43,58,16,28,0,2,59,86,10,45,23,43,4,13,15,14,33,88,92,174
8,2017-7434-kb05-mi01,74,4,1,39,71,29,39,14,32,2,4,43,71,11,27,14,26,4,6,10,9,25,53,68,124
8,2017-7434-z246-te51,67,4,2,25,55,21,25,21,30,3,3,42,55,5,27,12,22,2,4,10,9,17,49,59,104
8,2017-7434-bc72-mg08,102,11,4,51,81,44,51,15,30,4,5,59,81,24,69,18,38,3,14,15,15,42,107,101,188
8,2017-7434-tc11-ad04,66,4,3,20,45,14,20,17,25,0,2,31,45,13,30,21,34,5,11,9,9,34,64,65,109
9,2017-506-d801-cd85,69,10,2,32,57,26,32,13,25,4,5,39,57,15,40,14,25,4,11,10,10,29,65,68,122
9,2017-506-n552-b884,163,3,3,58,92,44,58,15,34,7,10,59,92,21,61,24,45,4,14,15,14,45,106,104,198
9,2017-506-d801-n552,101,4,0,44,75,37,44,17,31,3,3,54,75,15,49,12,29,1,8,11,11,27,78,81,153
9,2017-506-n552-sh90,73,1,2,33,49,25,33,10,16,3,3,35,49,17,38,9,17,4,6,8,9,26,55,61,104
9,2017-506-d801-mi43,82,9,2,28,54,24,28,16,26,2,4,40,54,11,39,15,25,4,9,11,11,26,64,66,118
9,2017-506-cd85-r772,132,5,0,55,79,36,55,17,24,1,3,53,79,21,57,21,50,4,13,14,15,42,107,95,186
9,2017-506-b884-mj08,119,10,3,45,74,34,45,13,29,3,5,47,74,23,57,9,17,4,7,13,13,32,74,79,148
9,2017-506-n552-sm37,125,3,0,61,92,43,61,13,31,8,11,56,92,21,56,17,25,6,10,14,14,38,81,94,173
9,2017-506-b884-f401,86,1,1,39,60,29,39,12,21,3,3,41,60,9,29,11,19,3,5,9,9,20,48,61,108
9,2017-506-cd85-g983,115,4,2,54,80,42,54,13,26,3,5,55,80,22,67,19,25,5,12,13,14,41,92,96,172
9,2017-506-d801-c882,77,8,2,40,70,32,40,19,30,1,1,51,70,6,38,9,19,1,3,11,10,15,57,66,127
9,2017-506-r772-md56,144,3,1,58,81,46,58,16,23,1,1,62,81,12,63,17,32,0,4,13,12,29,95,91,176
9,2017-506-sh90-d874,83,5,2,46,65,32,46,11,19,4,6,43,65,14,38,12,21,4,7,11,10,26,59,69,124
9,2017-506-mi43-a887,94,5,0,43,66,35,43,17,23,3,3,52,66,8,39,6,18,1,2,11,10,14,57,66,123
9,2017-506-mj08-r419,84,2,4,44,63,32,44,7,19,4,6,39,63,13,34,17,29,4,11,10,9,30,63,69,126
9,2017-506-r772-pc11,192,3,1,73,128,51,73,30,55,6,8,81,128,28,82,18,43,3,8,17,17,46,125,127,253
9,2017-506-sh90-z184,79,6,1,44,58,34,44,10,14,1,2,44,58,14,41,13,22,3,5,10,10,27,63,71,121
9,2017-506-r419-f510,74,2,0,42,65,27,42,12,23,4,6,39,65,12,34,12,17,4,5,10,9,24,51,63,116
9,2017-506-mi43-l503,94,6,0,48,68,31,48,11,20,5,6,42,68,12,33,17,29,4,11,9,9,29,62,71,130
9,2017-506-a887-o376,144,1,6,57,94,37,57,18,37,7,12,55,94,30,75,20,36,5,15,14,14,50,111,105,205
9,2017-506-b884-kc04,108,2,4,39,64,27,39,11,25,1,4,38,64,25,56,13,22,5,16,10,10,38,78,76,142
9,2017-506-d801-t742,72,3,2,25,57,23,25,17,32,2,2,40,57,9,35,18,28,3,6,9,9,27,63,67,120
9,2017-506-d874-r612,62,2,0,39,50,29,39,7,11,2,2,36,50,8,23,17,29,4,8,8,8,25,52,61,102
9,2017-506-g983-sc73,171,3,4,88,123,59,88,16,35,11,15,75,123,15,54,25,54,4,8,17,17,40,108,115,231
9,2017-506-md56-e698,133,5,4,56,82,46,56,13,26,3,5,59,82,8,43,22,44,3,7,15,15,30,87,89,169
9,2017-506-mj08-e224,50,0,2,20,37,19,20,11,17,0,1,30,37,12,24,14,19,5,7,8,7,26,43,56,80
9,2017-506-sm37-bf23,68,4,2,33,48,25,33,7,15,0,2,32,48,19,38,11,16,5,9,9,8,30,54,62,102
9,2017-506-sc73-sg64,67,6,1,22,39,19,22,11,17,1,2,30,39,16,35,16,24,5,13,8,8,32,59,62,98
9,2017-506-g983-l987,101,2,1,61,77,44,61,9,16,3,4,53,77,16,46,10,20,3,7,13,12,26,66,79,143
9,2017-506-kc04-r383,127,7,2,53,81,39,53,15,28,3,5,54,81,14,49,20,41,2,6,13,13,34,90,88,171
9,2017-506-a887-g585,90,0,1,35,52,26,35,7,17,3,4,33,52,13,26,13,19,5,7,8,8,26,45,59,97
9,2017-506-l987-ba98,69,4,0,40,55,32,40,7,15,4,4,39,55,10,29,11,17,3,5,9,8,21,46,60,101
9,2017-506-sc73-ce77,69,4,2,24,38,19,24,8,14,1,2,27,38,20,38,16,24,6,15,7,7,36,62,63,100
9,2017-506-g585-kc29,126,2,3,47,83,36,47,15,36,4,7,51,83,21,52,11,26,3,13,13,12,32,78,83,161
9,2017-506-kc04-mf35,25,0,0,17,22,12,17,2,5,1,2,14,22,4,7,4,6,2,3,4,3,8,13,22,35
9,2017-506-a887-pj32,96,7,5,39,66,32,39,12,27,4,4,44,66,17,41,9,21,3,9,9,9,26,62,70,128
9,2017-506-g983-cf59,112,0,6,53,75,35,53,9,22,11,14,44,75,27,61,13,22,5,13,10,10,40,83,84,158
9,2017-506-r383-d981,69,7,1,28,48,22,28,15,20,1,1,37,48,12,39,12,20,3,7,9,9,24,59,61,107
9,2017-506-sg64-cf01,97,1,1,47,63,39,47,10,16,0,0,49,63,15,49,18,36,1,7,11,10,33,85,82,148
10,2017-402-h940-bg23,77,9,0,37,66,25,37,18,29,12,12,43,66,11,30,11,18,3,7,9,8,22,48,65,114
10,2017-402-h940-y124,90,5,2,39,64,30,39,13,25,4,5,43,64,16,40,7,20,3,8,10,10,23,60,66,124
10,2017-402-bg23-k926,107,5,0,40,59,30,40,12,19,0,1,42,59,23,56,17,30,3,14,10,9,40,86,82,145
10,2017-402-y124-i186,146,3,6,73,115,61,73,20,42,8,9,81,115,10,71,9,27,0,0,16,17,19,98,100,213
10,2017-402-k926-j386,71,5,0,27,44,19,27,11,17,1,2,30,44,9,23,20,28,5,6,8,8,29,51,59,95
10,2017-402-bg23-e690,104,5,3,57,82,36,57,17,25,7,9,53,82,23,65,15,25,3,10,11,11,38,90,91,172
10,2017-402-h940-d923,79,6,2,34,64,25,34,16,30,4,6,41,64,14,37,9,15,4,8,10,9,23,52,64,116
10,2017-402-i186-n732,109,26,1,56,80,47,56,14,24,3,4,61,80,22,68,8,22,2,7,15,14,30,90,91,170
10,2017-402-h940-q927,54,4,0,21,37,17,21,12,16,0,1,29,37,14,31,16,26,5,9,8,8,30,57,59,94
10,2017-402-j386-sf62,118,8,2,50,89,37,50,18,39,5,8,55,89,19,47,15,33,4,9,14,13,34,80,89,169
10,2017-402-bg23-k336,70,4,4,37,58,37,37,12,21,1,1,49,58,9,34,9,24,1,2,11,10,18,58,67,116
10,2017-402-e690-fb98,102,2,3,56,85,42,56,14,29,6,9,56,85,17,49,19,33,5,9,14,15,36,82,92,167
10,2017-402-d923-d632,96,1,2,49,70,34,49,11,21,1,4,45,70,13,44,18,30,4,4,11,11,31,74,76,144
10,2017-402-k926-kc86,71,3,1,28,43,23,28,6,15,3,5,29,43,16,25,12,20,6,8,8,7,28,45,57,88
10,2017-402-y124-o522,72,5,0,45,66,37,45,16,21,2,2,53,66,13,44,5,16,1,4,11,10,18,60,71,126
10,2017-402-kc86-ta46,67,4,0,36,52,28,36,12,16,0,0,40,52,13,40,10,20,2,4,10,10,23,60,63,112
10,2017-402-y124-me82,163,6,5,87,139,52,87,25,52,12,17,77,139,17,59,27,49,5,13,16,17,44,108,121,247
10,2017-402-d632-a829,134,14,1,57,95,43,57,17,38,8,11,60,95,27,66,8,22,4,5,15,16,35,88,95,183
10,2017-402-fb98-l575,129,12,1,66,111,50,66,26,45,2,3,76,111,9,67,14,33,0,5,17,17,23,100,99,211
10,2017-402-bg23-tc61,65,2,3,35,53,29,35,7,18,1,1,36,53,10,28,16,21,5,7,7,8,26,49,62,102
10,2017-402-d923-a678,157,3,3,88,127,62,88,24,39,5,6,86,127,20,82,14,28,2,9,17,17,34,110,120,237
10,2017-402-e690-pb22,145,4,3,76,113,43,76,19,37,13,18,62,113,34,73,25,41,9,15,14,14,59,114,121,227
10,2017-402-h940-k776,86,9,5,40,68,34,40,14,28,3,4,48,68,7,35,11,21,3,7,11,10,18,56,66,124
10,2017-402-k926-b896,74,1,0,34,54,21,34,12,20,3,5,33,54,13,34,14,23,5,6,9,10,27,57,60,111
10,2017-402-n732-g476,93,1,0,30,49,23,30,15,19,0,1,38,49,15,46,18,32,3,12,10,10,33,78,71,127
10,2017-402-o522-dc58,70,15,1,37,61,27,37,15,24,4,5,42,61,5,22,13,22,4,4,10,9,18,44,60,105
10,2017-402-sf62-td51,131,8,0,65,102,41,65,20,37,4,8,61,102,19,51,21,38,6,10,15,15,40,89,101,191
10,2017-402-pb22-bh98,56,5,0,30,38,24,30,5,8,1,1,29,38,12,31,21,31,5,11,7,8,33,62,62,100
10,2017-402-kc86-i230,51,2,1,20,34,16,20,7,14,2,2,23,34,8,15,10,12,4,5,5,5,18,27,41,61
10,2017-402-e690-ba23,84,11,3,33,55,24,33,11,22,2,4,35,55,24,51,15,28,5,18,9,9,39,79,74,134
10,2017-402-pb22-n480,64,10,2,41,58,35,41,6,17,3,3,41,58,11,33,14,25,3,8,9,9,25,58,66,116
10,2017-402-b896-mf09,80,9,2,50,69,38,50,7,19,4,4,45,69,16,40,8,20,3,7,9,9,24,60,69,129
10,2017-402-e690-kb09,109,3,3,50,81,39,50,11,31,4,8,50,81,29,69,17,31,4,13,13,13,46,100,96,181
10,2017-402-kc86-wb14,74,1,2,32,50,21,32,12,18,3,4,33,50,12,33,16,23,5,7,8,9,28,56,61,106
10,2017-402-ba23-y218,84,2,2,35,57,28,35,13,22,3,3,41,57,11,40,14,27,2,5,10,10,25,67,66,124
10,2017-402-sf62-l580,52,8,0,33,42,27,33,7,9,2,2,34,42,16,39,17,26,4,5,8,9,33,65,67,107
10,2017-402-bh98-pl56,106,15,2,56,94,47,56,20,38,2,3,67,94,15,59,13,35,1,6,15,15,28,94,95,188
10,2017-402-i230-mg47,136,2,2,71,94,50,71,10,23,5,8,60,94,16,48,20,37,4,10,15,14,36,85,96,179
11,2017-407-gb88-h996,75,1,2,32,50,24,32,10,18,1,1,34,50,17,42,16,26,4,10,8,8,33,68,67,118
11,2017-407-t786-gb88,116,10,0,55,81,44,55,11,26,6,8,55,81,15,54,19,32,4,12,14,13,34,86,89,167
11,2017-407-t786-c977,121,12,2,59,86,50,59,12,27,3,3,62,86,7,47,16,34,0,1,12,12,23,81,85,167
11,2017-407-h996-tb69,83,8,0,48,60,41,48,10,12,3,3,51,60,14,46,11,27,1,6,11,11,25,73,76,133
11,2017-407-gb88-d875,136,3,0,59,94,43,59,14,35,11,13,57,94,23,71,20,33,2,13,13,13,43,104,100,198
11,2017-407-ba47-k966,59,3,0,25,41,22,25,14,16,0,0,36,41,12,34,7,12,3,3,9,9,19,46,55,87
11,2017-407-t786-ba47,73,10,1,32,50,28,32,12,18,0,0,40,50,10,34,14,26,2,5,10,9,24,60,64,110
11,2017-407-c977-cg80,118,11,2,45,64,35,45,12,19,2,4,47,64,25,71,17,32,3,12,13,12,42,103,89,167
11,2017-407-gb88-h756,132,4,1,55,91,41,55,21,36,1,3,62,91,17,61,24,46,3,10,16,16,41,107,103,198
11,2017-407-tb69-sd32,96,5,0,46,77,34,46,18,31,3,4,52,77,7,29,8,29,2,3,11,11,15,58,67,135
11,2017-407-ba47-g628,79,10,0,28,54,23,28,17,26,2,3,40,54,18,38,9,19,4,5,9,10,27,57,67,111
11,2017-407-t786-ma30,61,4,1,31,44,26,31,10,13,0,0,36,44,11,34,8,14,3,3,9,9,19,48,55,92
11,2017-407-d875-i165,93,6,2,47,63,40,47,7,16,1,2,47,63,13,37,16,33,3,7,10,9,29,70,76,133
11,2017-407-h996-d864,99,11,2,52,82,38,52,17,30,4,4,55,82,16,46,10,21,2,7,10,10,26,67,81,149
11,2017-407-k966-k435,114,3,4,73,98,54,73,14,25,6,6,68,98,15,58,14,26,4,6,14,15,29,84,97,182
11,2017-407-tb69-z355,104,6,0,48,79,37,48,15,31,4,7,52,79,23,59,10,26,4,9,14,14,33,85,85,164
11,2017-407-c977-pd31,124,13,3,66,104,53,66,17,38,9,10,70,104,10,40,25,48,3,9,15,14,35,88,105,192
11,2017-407-gb88-kb54,70,6,2,37,52,27,37,8,15,1,2,35,52,17,37,11,21,4,9,9,8,28,58,63,110
11,2017-407-ba47-ca99,95,11,3,39,75,30,39,22,36,3,3,52,75,8,40,14,26,1,3,11,11,22,66,74,141
11,2017-407-d875-z168,114,11,4,75,98,55,75,13,23,5,6,68,98,16,64,27,39,4,9,15,15,43,103,111,201
11,2017-407-t786-te51,89,4,0,48,65,34,48,7,17,0,3,41,65,13,38,15,25,4,6,11,11,28,63,69,128
11,2017-407-k435-pf39,73,3,2,34,55,28,34,11,21,1,2,39,55,13,34,14,28,4,7,10,10,27,62,66,117
11,2017-407-cg80-ke29,136,4,1,65,88,46,65,14,23,9,11,60,88,14,53,20,40,2,7,12,12,34,93,94,181
11,2017-407-d864-g710,80,6,1,40,59,35,40,10,19,2,2,45,59,13,38,12,28,2,6,10,10,25,66,70,125
11,2017-407-g628-t840,75,1,2,39,49,30,39,4,10,2,3,34,49,16,38,12,19,4,9,9,9,28,57,62,106
11,2017-407-h756-mb02,99,12,5,49,78,40,49,18,29,1,1,58,78,23,68,16,39,1,13,12,12,39,107,97,185
11,2017-407-h996-l397,111,13,5,57,90,44,57,22,33,4,4,66,90,5,50,9,22,0,0,12,12,14,72,80,162
11,2017-407-i165-bh09,85,2,0,43,64,34,43,12,21,1,3,46,64,14,42,13,23,3,3,11,10,27,65,73,129
11,2017-407-k966-v306,96,2,6,45,80,30,45,15,35,2,6,45,80,17,49,11,18,4,9,12,11,28,67,73,147
11,2017-407-ma30-gj37,55,14,0,34,45,31,34,7,11,2,2,38,45,7,21,9,17,3,4,9,8,16,38,54,83
11,2017-407-sd32-m873,140,9,1,44,91,35,44,25,47,4,5,60,91,16,61,17,33,2,9,14,14,33,94,93,185
11,2017-407-ca99-sl28,62,12,3,32,54,28,32,13,22,2,2,41,54,9,33,10,20,2,5,10,9,19,53,60,107
11,2017-407-bh09-i165,90,5,2,46,76,41,46,17,30,3,3,58,76,9,41,5,18,1,4,11,10,14,59,72,135
11,2017-407-h996-v812,101,7,1,42,74,34,42,18,32,3,3,52,74,16,55,23,39,1,12,11,11,39,94,91,168
11,2017-407-d864-g858,165,8,2,83,124,67,83,24,41,1,2,91,124,10,74,26,52,1,6,18,18,36,126,127,250
11,2017-407-sl28-m824,37,7,1,26,42,19,26,11,16,3,3,30,42,12,21,12,17,5,9,7,6,24,38,54,80
11,2017-407-d864-y061,45,2,1,17,30,14,17,10,13,0,0,24,30,11,25,9,16,3,10,6,6,20,41,44,71
11,2017-407-h996-be54,139,15,3,62,102,54,62,24,40,4,4,78,102,32,99,16,33,2,13,17,17,48,132,126,234
11,2017-407-g858-sc77,137,17,1,68,111,53,68,25,43,4,5,78,111,18,75,23,39,3,12,17,16,41,114,119,225
11,2017-407-bh09-le38,79,6,1,28,51,23,28,17,23,2,2,40,51,9,29,17,31,3,7,9,9,26,60,66,111
11,2017-407-v812-re44,107,4,6,48,91,33,48,21,43,7,10,54,91,15,41,16,41,3,8,13,13,31,82,85,173
11,2017-407-ca99-k839,132,14,1,68,109,58,68,19,41,5,5,77,109,12,56,20,46,2,8,16,15,32,102,109,211
12,2017-499-sm25-y124,92,7,4,31,65,27,31,20,34,0,1,47,65,11,42,18,32,2,4,11,11,29,74,76,139
12,2017-499-r975-d683,107,17,2,42,68,35,42,14,26,0,1,49,68,16,47,14,29,2,7,11,10,30,76,79,144
12,2017-499-r975-e831,99,10,2,50,74,45,50,14,24,1,2,59,74,10,53,12,25,2,4,15,14,22,78,81,152
12,2017-499-sm25-j386,90,7,1,42,65,30,42,13,23,1,3,43,65,13,46,14,24,3,7,11,11,27,70,70,135
12,2017-499-sm25-g476,81,4,3,40,65,31,40,11,25,7,7,42,65,6,22,20,30,4,4,8,9,26,52,68,117
12,2017-499-d683-q927,93,8,2,45,69,39,45,10,24,0,0,49,69,3,33,17,31,2,5,12,12,20,64,69,133
12,2017-499-r975-cg80,94,12,4,37,60,33,37,12,23,2,3,45,60,8,37,19,32,2,5,11,10,27,69,72,129
12,2017-499-q927-dc58,60,13,0,25,45,24,25,13,20,2,2,37,45,9,31,14,21,3,5,9,8,23,52,60,97
12,2017-499-j386-n732,69,4,1,21,44,19,21,14,23,2,2,33,44,15,36,10,18,4,8,8,9,25,54,58,98
12,2017-499-d683-d923,144,9,6,65,93,51,65,12,28,1,4,63,93,24,71,20,38,3,12,16,15,44,109,107,202
12,2017-499-d632-bg23,89,6,1,44,64,27,44,10,20,1,4,37,64,25,58,21,31,6,18,10,11,46,89,83,153
12,2017-499-e831-l575,103,9,2,40,76,35,40,19,36,4,5,54,76,10,36,18,41,3,5,13,13,28,77,82,153
12,2017-499-y124-fb98,117,5,12,67,112,45,67,23,45,13,15,68,112,10,42,14,33,3,5,15,14,24,75,92,187
12,2017-499-r975-sf62,56,10,2,29,49,26,29,13,20,4,4,39,49,10,25,6,17,3,4,9,8,16,42,55,91
12,2017-499-y124-k336,90,2,4,49,73,42,49,14,24,0,0,56,73,5,43,14,30,0,0,12,12,19,73,75,146
12,2017-499-sm25-a829,84,8,2,48,67,35,48,13,19,2,3,48,67,15,42,9,23,2,4,11,11,24,65,72,132
12,2017-499-q927-sc56,53,1,1,17,37,10,17,13,20,2,3,23,37,14,28,11,19,3,6,6,5,25,47,48,84
12,2017-499-j386-ke64,77,7,4,30,54,23,30,10,24,2,4,33,54,15,33,16,27,5,10,9,8,31,60,64,114
12,2017-499-d632-ta46,90,5,2,41,71,32,41,15,30,2,5,47,71,17,50,17,29,5,11,13,13,34,79,81,150
12,2017-499-d683-a678,86,5,4,32,55,27,32,14,23,1,1,41,55,9,37,10,21,2,6,10,10,19,58,60,113
12,2017-499-bg23-h355,134,6,3,79,108,53,79,18,29,1,4,71,108,20,60,22,51,5,12,16,16,42,111,113,219
12,2017-499-e831-me82,76,5,0,28,50,20,28,15,22,1,1,35,50,11,27,19,32,4,7,8,7,30,59,65,109
12,2017-499-cg80-g725,69,8,4,32,57,26,32,13,25,1,1,39,57,6,28,15,21,3,8,9,8,21,49,60,106
12,2017-499-dc58-k926,146,12,6,73,126,52,73,22,53,12,15,74,126,11,53,26,46,3,8,15,15,37,99,111,225
12,2017-499-d923-k776,64,1,2,36,50,26,36,9,14,2,4,35,50,13,34,13,21,4,9,10,9,26,55,61,105
12,2017-499-g476-ba65,61,3,4,27,56,23,27,17,29,1,1,40,56,8,30,14,24,3,6,9,9,22,54,62,110
12,2017-499-fb98-sq80,67,4,2,29,52,22,29,15,23,0,1,37,52,9,29,16,32,3,5,10,10,25,61,62,113
12,2017-499-l575-f811,131,10,5,50,89,38,50,19,39,2,6,57,89,21,64,29,52,5,16,16,16,50,116,107,205
12,2017-499-n732-cg33,68,2,4,32,54,27,32,11,22,5,6,38,54,7,23,13,22,4,5,9,9,20,45,58,99
12,2017-499-d632-kc86,79,6,0,28,49,21,28,14,21,1,2,35,49,16,40,15,24,4,11,9,8,31,64,66,113
12,2017-499-cg33-ch27,103,8,3,56,88,40,56,17,32,7,9,57,88,13,45,21,35,4,9,13,12,34,80,91,168
12,2017-499-sf62-pd07,68,7,2,18,40,15,18,14,22,0,1,29,40,14,28,15,24,5,9,8,8,29,52,58,92
12,2017-499-sq80-b896,51,6,3,24,51,17,24,16,27,6,7,33,51,14,20,8,16,5,5,8,7,22,36,55,87
12,2017-499-d632-gc88,45,4,0,23,36,21,23,7,13,0,0,28,36,15,28,9,13,5,5,7,7,24,41,52,77
12,2017-499-ch27-n729,52,5,2,23,34,20,23,8,11,0,0,28,34,11,20,15,25,5,13,7,7,26,45,54,79
12,2017-499-pd07-k0af,61,8,0,33,53,30,33,11,20,2,2,41,53,10,27,10,18,3,4,9,8,20,45,61,98
12,2017-499-sq80-k839,80,7,1,38,62,30,38,15,24,1,3,45,62,17,43,12,26,3,7,11,10,29,69,74,131
12,2017-499-cg33-r548,133,15,2,63,100,48,63,22,37,3,5,70,100,19,69,23,47,2,8,17,17,42,116,112,216
12,2017-499-sf62-pb22,59,2,1,26,48,20,26,13,22,4,5,33,48,13,23,12,21,5,5,8,8,25,44,58,92
12,2017-499-b896-bc68,110,11,4,47,76,38,47,16,29,1,3,54,76,21,58,21,39,6,15,14,14,42,97,96,173
12,2017-499-kc86-y218,72,1,1,30,51,20,30,13,21,3,4,33,51,10,25,20,34,5,6,8,9,30,59,63,110
13,2017-496-t786-ke17,132,7,2,64,95,48,64,17,31,5,8,65,95,12,64,20,35,2,8,15,15,32,99,97,194
13,2017-496-t786-pf39,69,7,0,33,46,30,33,10,13,0,0,40,46,9,34,12,24,2,3,10,10,21,58,61,104
13,2017-496-pf39-g628,91,12,3,41,70,32,41,15,29,5,6,47,70,12,37,16,30,3,11,11,10,28,67,75,137
13,2017-496-g628-mc65,136,2,0,63,102,42,63,22,39,4,7,64,102,24,66,20,35,6,11,15,15,44,101,108,203
13,2017-496-ke17-gb93,58,15,1,31,42,29,31,7,11,0,0,36,42,16,48,18,26,3,10,9,9,34,74,70,116
13,2017-496-t786-sd32,75,8,0,33,47,24,33,11,14,3,3,35,47,11,32,15,26,4,7,8,9,26,58,61,105
13,2017-496-pf39-mm58,92,15,1,45,68,40,45,14,23,1,2,54,68,16,62,17,28,3,7,14,13,33,90,87,158
13,2017-496-mc65-sc77,57,8,0,28,40,23,28,9,12,0,0,32,40,11,28,13,23,4,5,8,9,24,51,56,91
13,2017-496-t786-me89,81,9,4,42,66,36,42,8,24,6,6,44,66,6,26,16,26,3,4,9,9,22,52,66,118
13,2017-496-ke17-j267,59,12,1,31,44,29,31,7,13,0,0,36,44,7,26,17,28,3,5,9,9,24,54,60,98
13,2017-496-pf39-bh09,85,16,2,40,65,33,40,13,25,2,3,46,65,12,40,15,30,3,4,12,12,27,70,73,135
13,2017-496-g628-y061,84,8,1,37,56,31,37,12,19,5,5,43,56,9,44,20,25,3,9,10,10,29,69,72,125
13,2017-496-sd32-b747,121,7,1,52,83,36,52,18,31,4,6,54,83,18,57,18,28,3,7,13,12,36,85,90,168
13,2017-496-gb93-m873,156,12,13,88,134,63,88,18,46,10,13,81,134,15,54,22,49,3,7,16,17,37,103,118,237
13,2017-496-mm58-sl28,103,6,3,59,94,43,59,24,35,3,4,67,94,7,48,12,32,1,1,15,15,19,80,86,174
13,2017-496-m873-z355,92,4,1,48,76,37,48,19,28,1,2,56,76,8,43,8,25,1,1,12,12,16,68,72,144
13,2017-496-g628-h756,113,4,2,59,88,49,59,12,29,2,4,61,88,14,52,18,29,5,7,15,14,32,81,93,169
13,2017-496-sd32-ke29,115,7,4,63,92,49,63,16,29,3,5,65,92,11,44,17,38,3,5,16,15,28,82,93,174
13,2017-496-mm58-pd31,145,6,8,96,134,67,96,13,38,11,16,80,134,9,54,35,61,5,10,18,18,44,115,124,249
13,2017-496-bh09-m850,94,20,0,38,64,33,38,17,26,1,2,50,64,15,50,16,34,3,6,13,13,31,84,81,148
13,2017-496-j267-kb54,70,2,1,31,55,25,31,15,24,1,1,40,55,8,30,12,24,3,8,9,9,20,54,60,109
13,2017-496-gb93-d864,65,5,0,30,40,26,30,4,10,2,2,30,40,23,44,15,24,5,14,7,7,38,68,68,108
13,2017-496-b747-su55,73,5,0,32,48,29,32,15,16,0,0,44,48,14,43,14,29,2,5,11,11,28,72,72,120
13,2017-496-me89-re44,97,6,3,44,66,32,44,13,22,2,3,45,66,9,36,23,35,4,8,9,10,32,71,77,137
13,2017-496-sl28-ca12,68,10,2,36,60,31,36,14,24,2,3,45,60,12,43,13,24,3,8,11,10,25,67,70,127
13,2017-496-y061-te51,131,3,7,51,86,38,51,19,35,2,5,57,86,20,56,26,48,5,12,15,14,46,104,103,190
13,2017-496-sc77-v708,66,6,2,34,56,27,34,13,22,3,3,40,56,11,34,11,20,3,9,9,9,22,54,62,110
13,2017-496-sc77-f586,136,13,1,57,86,45,57,18,29,4,5,63,86,22,73,19,42,1,12,15,16,41,115,104,201
13,2017-496-d864-r685,91,9,1,47,76,40,47,15,29,8,9,55,76,16,49,15,33,2,10,11,11,31,82,86,158
13,2017-496-re44-m824,53,14,1,32,53,27,32,10,21,3,4,37,53,18,35,10,20,4,8,9,8,28,55,65,108
13,2017-496-gb93-me31,82,3,0,46,64,37,46,8,18,4,4,45,64,15,47,14,23,2,3,10,11,29,70,74,134
13,2017-496-sc77-d916,90,5,1,39,64,32,39,13,25,1,2,45,64,13,46,16,26,3,7,10,10,29,72,74,136
13,2017-496-re44-sk67,97,7,2,35,70,31,35,16,35,0,3,47,70,17,53,23,38,4,7,13,13,40,91,87,161
13,2017-496-d864-hb35,52,7,0,26,37,22,26,6,11,0,0,28,37,14,29,12,18,5,8,7,8,26,47,54,84
13,2017-496-gb93-la93,150,14,2,65,118,49,65,35,53,9,10,84,118,19,72,22,49,2,8,17,17,41,121,125,239
13,2017-496-f586-m762,134,6,2,56,98,39,56,24,42,8,11,63,98,25,70,14,32,2,9,16,14,39,102,102,200
13,2017-496-me31-cd00,119,3,3,64,98,48,64,20,34,4,5,68,98,20,57,14,32,4,9,15,14,34,89,102,187
13,2017-496-r685-e678,66,5,1,38,61,27,38,13,23,2,3,40,61,14,30,13,29,4,10,9,9,27,59,67,120
13,2017-496-m824-f724,91,0,3,54,91,36,54,19,37,5,8,55,91,7,42,9,21,2,3,13,13,16,63,71,154
14,2017-6932-cd85-rh16,117,3,4,50,78,37,50,9,28,6,10,46,78,18,57,29,42,6,14,13,13,47,99,93,177
14,2017-6932-tb69-cd85,94,7,1,33,61,22,33,20,28,1,3,42,61,17,50,11,18,4,8,11,11,28,68,70,129
14,2017-6932-tb69-sm37,76,2,2,30,59,17,30,17,29,8,10,34,59,16,28,14,21,6,6,8,9,30,49,64,108
14,2017-6932-tb69-r772,82,2,3,31,53,21,31,12,22,2,4,33,53,15,36,15,22,5,12,9,8,30,58,63,111
14,2017-6932-cd85-d801,113,6,1,61,88,42,61,12,27,4,6,54,88,16,44,20,47,3,10,12,13,36,91,90,179
14,2017-6932-r772-kc29,75,7,0,31,54,27,31,12,23,2,2,39,54,4,20,12,23,3,5,9,8,16,43,55,97
14,2017-6932-tb69-l987,78,0,1,35,64,28,35,18,29,5,5,46,64,10,33,9,18,3,6,10,10,19,51,65,115
14,2017-6932-rh16-mj08,83,7,2,41,56,33,41,12,15,0,0,45,56,11,45,12,22,2,5,10,10,23,67,68,123
14,2017-6932-cd85-e224,103,4,1,51,73,39,51,12,22,1,2,51,73,13,37,14,34,4,6,13,13,27,71,78,144
14,2017-6932-kc29-d981,78,3,1,34,55,26,34,13,21,2,2,39,55,13,37,8,14,3,4,9,9,21,51,60,106
14,2017-6932-r772-f510,79,4,2,36,60,22,36,15,24,2,4,37,60,10,24,14,22,5,10,9,8,24,46,61,106
14,2017-6932-d801-z184,136,13,1,53,88,46,53,20,35,1,3,66,88,20,62,15,43,2,9,16,16,35,105,101,193
14,2017-6932-rh16-cf59,165,10,2,64,111,49,64,27,47,4,5,76,111,21,72,20,46,2,9,17,17,41,118,117,229
14,2017-6932-sm37-d874,110,2,3,46,74,33,46,17,28,9,11,50,74,24,54,14,29,3,8,11,11,38,83,88,157
14,2017-6932-mj08-bd20,138,8,3,54,92,41,54,21,38,1,3,62,92,15,55,12,32,2,4,15,15,27,87,89,179
14,2017-6932-bd20-n552,79,3,3,32,54,25,32,12,22,0,1,37,54,13,35,10,21,4,7,9,10,23,56,60,110
14,2017-6932-tb69-t742,95,7,0,37,59,33,37,11,22,3,4,44,59,11,29,16,37,3,5,11,11,27,66,71,125
14,2017-6932-d981-c882,135,3,1,59,91,42,59,19,32,3,4,61,91,15,45,20,52,2,6,15,15,35,97,96,188
14,2017-6932-r772-r612,62,2,2,23,43,20,23,12,20,3,3,32,43,10,19,15,24,5,9,7,7,25,43,57,86
14,2017-6932-cd85-sg64,62,1,3,33,49,28,33,11,16,0,0,39,49,9,28,12,17,3,4,9,8,21,45,60,94
14,2017-6932-d801-f401,82,5,5,31,71,22,31,21,40,4,6,43,71,8,28,16,26,4,6,10,10,24,54,67,125
14,2017-6932-d874-l503,134,3,4,66,99,48,66,17,33,13,14,65,99,8,31,20,45,3,5,14,13,28,76,93,175
14,2017-6932-cf59-sh90,67,1,0,23,36,21,23,11,13,0,0,32,36,8,26,21,31,4,7,8,8,29,57,61,93
14,2017-6932-e224-pc11,97,2,2,35,70,27,35,18,35,5,6,45,70,15,38,13,23,4,9,10,10,28,61,73,131
14,2017-6932-f510-r419,79,1,1,25,50,17,25,18,25,1,3,35,50,17,35,12,21,5,12,9,9,29,56,64,106
14,2017-6932-kc29-cf01,85,2,1,35,56,25,35,16,21,1,1,41,56,13,34,12,22,4,7,9,9,25,56,66,112
14,2017-6932-l987-bf23,89,2,1,40,61,29,40,12,21,5,6,41,61,9,28,16,30,3,6,10,10,25,58,66,119
14,2017-6932-mj08-e698,145,1,4,54,92,42,54,22,38,4,6,64,92,7,42,22,50,1,1,15,15,29,92,93,184
14,2017-6932-rh16-sc73,86,4,2,37,63,29,37,14,26,0,0,43,63,8,33,14,27,2,3,10,9,22,60,65,123
14,2017-6932-z184-b884,86,1,1,25,46,21,25,13,21,1,1,34,46,14,31,14,32,4,6,8,9,28,63,62,109
14,2017-6932-sm37-o376,143,2,3,49,77,29,49,16,28,5,9,45,77,36,73,24,49,6,21,13,14,60,122,105,199
14,2017-6932-d981-e224,102,0,0,36,61,25,36,12,25,2,4,37,61,13,31,22,47,4,14,10,10,35,78,72,139
14,2017-6932-cf59-cc32,132,5,5,48,88,33,48,18,40,7,10,51,88,17,45,9,19,4,6,12,12,26,64,77,152
14,2017-6932-kc29-a887,116,3,1,39,74,25,39,20,35,10,13,45,74,11,32,15,28,3,4,11,10,26,60,71,134
14,2017-6932-cf01-da81,67,3,1,35,49,22,35,11,14,2,3,33,49,12,27,11,14,5,10,8,7,23,41,56,90
14,2017-6932-e224-r383,86,1,3,32,61,21,32,20,29,1,1,41,61,11,30,13,26,3,7,9,9,24,56,65,117
14,2017-6932-kc29-gd64,107,7,5,40,72,28,40,16,32,6,8,44,72,15,50,22,35,4,10,10,11,37,85,81,157
14,2017-6932-cc32-kc04,19,0,3,9,16,8,9,1,7,1,2,9,16,9,10,5,6,3,3,3,3,14,16,23,32
14,2017-6932-da81-gb53,104,1,8,38,64,26,38,10,26,4,7,36,64,10,31,21,31,5,7,10,10,31,62,67,126
14,2017-6932-cf01-g983,185,3,5,71,120,49,71,31,49,3,5,80,120,27,83,17,34,4,10,16,16,44,117,124,237
14,2017-6932-cf59-mw75,118,3,1,44,68,30,44,15,24,0,3,45,68,27,62,23,31,7,18,12,13,50,93,95,161
14,2017-6932-d981-sk69,96,2,2,45,64,32,45,7,19,6,9,39,64,18,42,17,26,5,15,10,9,35,68,74,132
14,2017-6932-a887-lf26,138,5,6,39,76,31,39,18,37,2,7,49,76,10,40,30,52,7,12,15,16,40,92,89,168
15,2017-807-q927-n409,94,19,2,48,75,39,48,17,27,6,6,56,75,12,42,7,19,1,2,11,10,19,61,75,136
15,2017-807-n409-c977,85,3,0,40,57,27,40,11,17,7,7,38,57,9,23,15,24,4,10,8,7,24,47,62,104
15,2017-807-ke17-d643,107,25,1,53,73,43,53,15,20,1,1,58,73,11,46,7,24,1,1,12,12,18,70,76,143
15,2017-807-q927-ke17,94,13,2,48,85,37,48,19,37,4,6,56,85,15,48,12,26,4,4,14,14,27,74,83,159
15,2017-807-q927-tb69,67,7,3,28,58,25,28,15,30,5,6,40,58,12,34,10,15,4,5,10,9,22,49,62,107
15,2017-807-n409-l503,67,2,1,26,35,20,26,8,9,0,0,28,35,15,28,14,23,5,10,7,7,29,51,57,86
15,2017-807-n409-n732,117,5,4,42,70,34,42,13,28,2,4,47,70,18,48,11,22,4,6,10,11,29,70,76,140
15,2017-807-d643-d683,158,7,1,59,93,39,59,17,34,6,10,56,93,17,53,19,32,5,7,15,15,36,85,92,178
15,2017-807-ke17-y124,72,7,7,37,57,29,37,11,20,2,2,40,57,9,30,12,19,3,5,9,9,21,49,61,106
15,2017-807-c977-cg80,133,12,3,47,75,36,47,15,28,4,6,51,75,16,54,24,45,3,12,13,13,40,99,91,174
15,2017-807-tb69-me82,81,1,1,25,52,18,25,16,27,0,2,34,52,21,44,12,24,5,9,10,11,33,68,67,120
15,2017-807-q927-gb88,70,7,5,27,50,23,27,9,23,3,5,32,50,15,36,18,27,5,9,9,8,33,63,65,113
15,2017-807-j386-e873,88,8,4,41,60,35,41,11,19,2,3,46,60,9,39,16,31,3,8,10,11,25,70,71,130
15,2017-807-n409-z168,77,1,3,44,62,35,44,10,18,1,1,45,62,6,27,14,27,2,5,10,9,20,54,65,116
15,2017-807-n732-tc61,133,2,2,45,72,34,45,12,27,1,3,46,72,11,49,29,42,5,14,12,13,40,91,86,163
15,2017-807-d643-k966,94,3,0,53,74,38,53,13,21,4,6,51,74,19,50,6,11,3,4,11,10,25,61,76,135
15,2017-807-c977-d801,90,14,2,41,75,31,41,23,34,3,4,54,75,11,30,14,35,4,5,13,12,25,65,79,140
15,2017-807-gb88-r612,54,6,1,31,43,23,31,10,12,0,0,33,43,5,14,16,26,4,6,8,7,21,40,54,83
15,2017-807-tb69-sd32,108,6,2,51,80,39,51,18,29,8,8,57,80,8,34,15,36,1,4,11,10,23,70,80,150
15,2017-807-cg80-gc87,58,3,3,23,40,21,23,9,17,0,0,30,40,13,26,10,12,5,6,7,7,23,38,53,78
15,2017-807-n732-sm25,114,2,3,49,83,34,49,20,34,7,9,54,83,25,56,14,31,5,9,12,12,39,87,93,170
15,2017-807-j386-i186,65,5,1,34,53,26,34,15,19,0,0,41,53,8,37,9,17,2,6,10,10,17,54,58,107
15,2017-807-ke17-sc56,94,8,5,51,76,41,51,12,25,1,2,53,76,14,46,14,36,3,9,13,14,28,82,81,158
15,2017-807-l503-l575,130,8,3,69,100,47,69,15,31,5,9,62,100,14,45,21,39,5,11,15,14,35,84,97,184
15,2017-807-d683-td51,151,9,1,60,89,47,60,14,29,2,4,61,89,18,62,21,47,2,4,15,16,39,109,100,198
15,2017-807-e873-ke64,96,5,2,40,76,27,40,17,36,5,8,44,76,14,29,15,28,6,9,11,10,29,57,73,133
15,2017-807-me82-fb98,134,6,5,50,92,36,50,22,42,4,7,58,92,13,48,22,52,3,6,15,16,35,100,93,192
15,2017-807-q927-e831,119,11,2,48,94,40,48,24,46,8,9,64,94,16,50,25,45,3,8,14,13,41,95,105,189
15,2017-807-tc61-l397,135,4,2,53,97,34,53,22,44,17,21,56,97,12,39,19,35,5,8,13,13,31,74,87,171
15,2017-807-y124-ta46,52,3,1,26,44,20,26,12,18,1,1,32,44,9,28,6,20,0,5,6,6,15,48,47,92
15,2017-807-n732-h940,108,0,0,53,79,40,53,16,26,7,8,56,79,15,45,15,39,3,10,13,13,30,84,86,163
15,2017-807-fb98-tc61,117,12,1,49,82,34,49,18,33,3,6,52,82,19,51,26,45,6,17,14,14,45,96,97,178
15,2017-807-ke64-dc58,120,4,8,46,83,35,46,11,37,7,10,46,83,11,30,26,46,5,15,11,10,37,76,83,159
15,2017-807-td51-a829,107,9,4,50,86,41,50,18,36,3,5,59,86,17,58,14,29,3,9,14,14,31,87,90,173
15,2017-807-h940-e690,66,5,4,31,60,24,31,18,29,6,7,42,60,10,25,13,25,4,5,9,9,23,50,65,110
15,2017-807-tc61-rh88,73,0,1,25,49,19,25,15,24,1,2,34,49,13,26,16,26,5,9,8,7,29,52,63,101
15,2017-807-ke64-ch27,63,1,4,26,48,17,26,14,22,1,2,31,48,13,32,14,18,5,7,8,8,27,50,58,98
15,2017-807-a829-g725,107,4,5,43,77,30,43,21,34,6,8,51,77,14,44,27,44,6,13,13,13,41,88,92,165
15,2017-807-td51-ch47,44,9,0,22,47,21,22,13,25,1,1,34,47,11,25,9,15,4,7,8,7,20,40,54,87
15,2017-807-n732-k839,100,3,2,38,69,22,38,16,31,12,15,38,69,13,37,26,34,6,15,9,9,39,71,77,140
15,2017-807-fb98-k776,69,9,3,31,52,28,31,14,21,0,0,42,52,13,44,17,29,3,7,9,10,30,73,72,125
15,2017-807-dc58-si82,82,7,2,21,46,20,21,17,25,3,3,37,46,8,38,25,38,3,6,9,10,33,76,70,122
16,2017-495-mc10-k435,175,14,3,76,116,57,76,25,40,3,4,82,116,21,76,22,45,3,6,16,15,43,121,125,237
16,2017-495-mc10-v306,73,2,4,25,45,20,25,12,20,1,3,32,45,24,41,6,11,5,8,9,8,30,52,62,97
16,2017-495-v306-h756,136,2,1,73,85,54,73,6,12,6,9,60,85,24,66,25,47,5,14,15,16,49,113,109,198
16,2017-495-mc10-pf39,95,5,2,35,57,22,35,14,22,0,2,36,57,11,32,25,39,5,11,10,9,36,71,72,128
16,2017-495-v306-mc65,81,1,2,48,57,39,48,3,9,1,2,42,57,19,46,9,23,3,10,11,10,28,69,70,126
16,2017-495-h756-d923,111,3,4,38,75,28,38,25,37,5,8,53,75,24,63,14,22,5,9,14,14,38,85,91,160
16,2017-495-pf39-d864,141,11,1,52,110,41,52,36,58,8,10,77,110,17,66,19,40,2,6,17,17,36,106,113,216
16,2017-495-mc10-g476,73,5,0,22,37,19,22,10,15,1,1,29,37,18,35,15,25,5,9,7,7,33,60,62,97
16,2017-495-d864-f324,122,6,3,46,95,35,46,29,49,1,5,64,95,21,80,14,29,3,4,16,17,35,109,99,204
16,2017-495-v306-bd06,145,0,10,75,99,47,75,11,24,9,13,58,99,21,54,17,41,5,8,15,16,38,95,96,194
16,2017-495-mc65-e687,95,5,6,47,77,32,47,14,30,2,5,46,77,11,29,21,41,5,6,13,13,32,70,78,147
16,2017-495-h756-ba47,121,12,4,55,96,45,55,20,41,8,9,65,96,16,53,21,48,2,5,14,14,37,101,102,197
16,2017-495-pf39-ca99,59,6,2,31,57,25,31,15,26,4,4,40,57,4,17,12,23,3,5,9,8,16,40,56,97
16,2017-495-k435-mm58,76,3,2,33,52,30,33,12,19,2,2,42,52,11,38,14,27,2,4,10,10,25,65,67,117
16,2017-495-d923-g710,76,0,4,37,62,24,37,11,25,6,9,35,62,15,35,8,15,5,8,10,9,23,50,58,112
16,2017-495-mc10-j267,80,2,0,19,48,16,19,19,29,0,1,35,48,13,31,11,18,4,8,9,8,24,49,59,97
16,2017-495-d923-w367,72,2,4,45,66,34,45,14,21,2,4,48,66,9,33,14,26,3,3,11,10,23,59,71,125
16,2017-495-mc65-sk47,80,6,0,35,54,30,35,12,19,1,1,42,54,12,34,17,36,2,17,10,9,29,70,71,124
16,2017-495-f324-pd31,54,5,0,33,55,23,33,15,22,3,3,38,55,6,21,20,28,4,6,8,8,26,49,64,104
16,2017-495-ba47-r685,40,6,0,18,29,17,18,9,11,0,0,26,29,2,21,13,17,2,2,6,6,15,38,41,67
16,2017-495-bd06-ke29,85,1,2,36,65,26,36,21,29,3,4,47,65,8,32,20,34,3,5,10,9,28,66,75,131
16,2017-495-pf39-pg32,55,6,4,31,50,24,31,9,19,1,2,33,50,14,33,16,22,5,10,8,8,30,55,63,105
16,2017-495-k435-ma30,88,5,7,42,65,34,42,11,23,0,1,45,65,10,42,16,27,2,5,11,11,26,69,71,134
16,2017-495-ca99-sl28,67,8,2,28,48,23,28,11,20,0,1,34,48,14,47,21,29,4,13,9,9,35,76,69,124
16,2017-495-d864-y061,75,2,3,42,69,31,42,12,27,3,5,43,69,11,29,11,23,4,4,10,10,22,52,65,121
16,2017-495-e687-ba65,51,7,1,30,41,27,30,9,11,0,0,36,41,12,34,7,14,3,6,9,8,19,48,55,89
16,2017-495-g476-t840,94,1,3,36,59,23,36,15,23,3,4,38,59,13,41,23,36,4,7,9,10,36,77,74,136
16,2017-495-g710-v708,67,2,3,33,46,29,33,8,13,1,1,37,46,7,26,16,26,3,8,9,8,23,52,60,98
16,2017-495-h756-i165,65,10,0,34,57,29,34,13,23,3,3,42,57,14,40,9,17,3,7,9,9,23,57,65,114
16,2017-495-v306-sa93,83,2,6,39,58,27,39,10,19,0,2,37,58,14,31,15,28,5,6,10,10,29,59,66,117
16,2017-495-mm58-a499,61,10,3,33,55,28,33,10,22,0,1,38,55,14,36,13,21,4,4,10,10,27,57,65,112
16,2017-495-i165-f724,89,9,0,52,71,41,52,6,19,2,3,47,71,12,35,20,31,3,7,10,9,32,66,79,137
16,2017-495-ca99-sa93,94,19,0,48,70,37,48,17,22,1,1,54,70,13,45,14,37,1,8,12,12,27,82,81,152
16,2017-495-d864-mg47,71,1,2,27,53,18,27,19,26,3,3,37,53,13,28,14,27,4,13,8,8,27,55,64,108
16,2017-495-r685-me31,59,6,0,30,60,24,30,20,30,3,3,44,60,6,22,11,24,3,4,10,9,17,46,61,106
16,2017-495-i165-p09z,64,7,2,27,48,21,27,14,21,1,1,35,48,11,29,13,22,4,8,8,8,24,51,59,99
16,2017-495-sa93-sk67,97,7,1,45,72,30,45,17,27,3,5,47,72,19,58,25,39,4,10,12,12,44,97,91,169
16,2017-495-mg47-sc77,96,4,5,38,71,27,38,19,33,3,6,46,71,15,49,15,24,4,7,12,12,30,73,76,144
16,2017-495-me31-re44,116,12,2,65,93,45,65,18,28,5,6,63,93,18,56,22,38,5,11,14,14,40,94,103,187
16,2017-495-d864-g967,86,4,0,32,58,23,32,20,26,1,1,43,58,9,30,12,30,2,6,10,10,21,60,64,118
16,2017-495-ca99-ga94,52,4,0,22,38,21,22,11,16,0,0,32,38,14,35,15,24,4,9,8,8,29,59,61,97
16,2017-495-f724-f586,115,2,3,45,72,27,45,15,27,4,8,42,72,23,48,16,32,5,16,11,11,39,80,81,152
16,2017-495-r685-d646,163,6,11,54,118,42,54,37,64,4,6,79,118,17,68,19,43,2,5,17,17,36,111,115,229
17,2017-533-c882-cd85,99,9,2,38,65,31,38,13,27,3,5,44,65,23,59,16,23,4,10,10,11,39,82,83,147
17,2017-533-r772-sh90,181,6,7,75,121,49,75,24,46,9,12,73,121,24,70,37,62,6,23,16,16,61,132,134,253
17,2017-533-cd85-f510,72,2,0,36,53,25,36,13,17,2,3,38,53,16,37,15,22,4,9,9,9,31,59,69,112
17,2017-533-c882-r772,180,13,12,73,112,54,73,20,39,6,7,74,112,25,73,18,43,3,9,16,16,43,116,117,228
17,2017-533-r772-pc11,150,5,3,52,94,39,52,17,42,5,9,56,94,21,61,26,45,5,12,14,15,47,106,103,200
17,2017-533-c882-sm37,133,11,4,56,95,45,56,16,39,6,10,61,95,23,64,16,34,5,8,16,16,39,98,100,193
17,2017-533-sh90-d874,59,2,0,22,40,20,22,12,18,0,0,32,40,10,28,11,19,4,4,8,8,21,47,53,87
17,2017-533-cd85-sg64,66,1,0,28,54,21,28,15,26,0,1,36,54,7,28,15,20,4,6,9,9,22,48,58,102
17,2017-533-sh90-o376,78,3,4,32,56,23,32,10,24,2,5,33,56,14,26,14,25,6,9,9,9,28,51,61,107
17,2017-533-c882-bf23,65,3,5,26,54,23,26,13,28,1,1,36,54,12,27,9,15,4,4,8,8,21,42,57,96
17,2017-533-r772-e698,132,0,4,44,80,31,44,16,36,4,7,47,80,14,45,25,40,4,11,11,11,39,85,86,165
17,2017-533-f510-g983,119,2,2,51,80,37,51,16,29,3,5,53,80,20,58,19,35,2,6,12,12,39,93,92,173
17,2017-533-sm37-mi43,67,3,0,28,42,19,28,11,14,1,2,30,42,15,36,18,24,5,8,8,8,33,60,63,102
17,2017-533-pc11-b884,136,1,2,38,76,29,38,21,38,6,6,50,76,8,35,24,45,2,9,11,10,32,80,82,156
17,2017-533-f510-cf01,95,2,8,39,82,30,39,21,43,5,8,51,82,11,46,12,16,4,6,11,11,23,62,74,144
17,2017-533-d874-rh16,76,9,2,37,58,32,37,13,21,2,2,45,58,17,46,8,17,2,3,11,10,25,63,70,121
17,2017-533-sm37-bd20,57,4,4,21,40,16,21,10,19,0,1,26,40,13,19,15,23,6,7,7,7,28,42,54,82
17,2017-533-d874-kc04,102,5,2,52,84,37,52,15,32,7,9,52,84,7,38,14,24,3,5,11,11,21,62,73,146
17,2017-533-b884-mj08,149,4,7,38,89,30,38,24,51,4,8,54,89,23,61,24,44,5,14,15,15,47,105,101,194
17,2017-533-bf23-l987,80,3,1,26,50,21,26,17,24,0,1,38,50,24,55,14,24,4,10,10,10,38,79,76,129
17,2017-533-g983-sc73,108,5,5,51,86,32,51,18,35,15,17,50,86,10,30,15,27,4,7,10,9,25,57,75,143
17,2017-533-e698-lf26,82,3,2,32,58,28,32,16,26,3,3,44,58,14,34,16,33,3,5,10,10,30,67,74,125
17,2017-533-mi43-e224,90,4,0,36,59,27,36,17,23,0,1,44,59,15,48,16,28,3,10,10,10,31,76,75,135
17,2017-533-o376-ca33,113,1,5,59,84,37,59,12,25,12,16,49,84,11,29,20,36,5,8,11,11,31,65,80,149
17,2017-533-pc11-cc32,71,10,1,31,47,27,31,8,16,2,3,35,47,15,29,13,26,4,9,9,8,28,55,63,102
17,2017-533-rh16-sq80,73,2,4,42,62,33,42,12,20,4,4,45,62,8,27,14,34,2,3,10,10,22,61,67,123
17,2017-533-sg64-z184,86,12,2,36,60,34,36,15,24,3,3,49,60,11,41,10,21,2,7,10,10,21,62,70,122
17,2017-533-kc04-cf59,94,7,4,32,60,26,32,15,28,3,6,41,60,20,51,16,28,4,15,12,11,36,79,77,139
17,2017-533-cc32-d981,85,4,0,31,52,24,31,15,21,0,0,39,52,23,52,13,19,4,9,9,9,36,71,75,123
17,2017-533-g983-a887,129,3,1,54,78,37,54,16,24,1,2,53,78,21,68,5,16,1,5,12,12,26,84,79,162
17,2017-533-cf01-kc29,112,4,1,51,74,36,51,15,23,1,3,51,74,21,51,12,20,5,6,14,13,33,71,84,145
17,2017-533-kc04-sk69,61,6,1,27,46,20,27,11,19,3,4,31,46,12,27,16,23,5,8,8,7,28,50,59,96
17,2017-533-cc32-da81,109,4,2,32,68,25,32,19,36,8,9,44,68,17,43,17,31,4,10,10,10,34,74,78,142
17,2017-533-kc29-t0b5,44,1,2,13,31,12,13,12,18,0,0,24,31,10,17,14,16,6,8,6,6,24,33,48,64
17,2017-533-cf59-sh91,73,1,1,27,41,20,27,10,14,0,1,30,41,10,24,17,24,5,6,8,8,27,48,57,89
17,2017-533-g983-ce77,38,0,0,6,13,5,6,7,7,0,0,12,13,10,19,8,11,3,10,3,3,18,30,30,43
17,2017-533-a887-g585,111,0,2,53,73,41,53,10,20,5,5,51,73,15,46,10,24,1,3,11,10,25,70,76,143
17,2017-533-d981-z198,87,3,0,41,57,30,41,11,16,1,1,41,57,34,66,10,27,3,15,9,9,44,93,85,150
17,2017-533-cf01-md56,104,3,2,51,83,39,51,16,32,4,6,55,83,9,41,12,27,2,5,14,13,21,68,76,151
18,2017-404-f324-sm25,74,8,2,33,62,27,33,19,29,0,0,46,62,7,35,16,24,2,3,10,9,23,59,69,121
18,2017-404-f324-w367,80,2,1,36,57,28,36,14,21,2,3,42,57,13,44,17,28,3,5,11,11,30,72,72,129
18,2017-404-w367-cd85,65,4,0,25,46,20,25,16,21,0,0,36,46,21,47,6,12,3,8,9,8,27,59,63,105
18,2017-404-w367-tb69,151,8,2,78,115,52,78,20,37,8,11,72,115,20,62,18,36,3,5,16,16,38,98,110,213
18,2017-404-cd85-c882,125,8,3,63,92,41,63,15,29,4,8,56,92,17,55,22,36,5,11,14,14,39,91,95,183
18,2017-404-ke17-d643,112,14,4,42,69,36,42,14,27,0,0,50,69,15,50,14,32,1,5,11,11,29,82,79,151
18,2017-404-sm25-n552,108,1,5,45,78,28,45,23,33,5,7,51,78,15,53,17,28,3,11,13,12,32,81,83,159
18,2017-404-w367-n732,134,1,4,60,101,40,60,19,41,6,11,59,101,30,73,14,31,5,15,15,15,44,104,103,205
18,2017-404-n552-y124,77,1,1,33,55,20,33,17,22,1,2,37,55,13,34,13,23,4,9,9,9,26,57,63,112
18,2017-404-tb69-mc65,68,6,1,29,54,24,29,16,25,2,2,40,54,11,29,14,26,3,6,9,8,25,55,65,109
18,2017-404-c882-gb88,99,12,4,54,80,43,54,15,26,0,1,58,80,10,45,14,28,2,5,14,13,24,73,82,153
18,2017-404-sm25-j267,158,13,8,55,110,43,55,31,55,5,7,74,110,16,61,24,50,2,3,17,17,40,111,114,221
18,2017-404-cd85-l987,89,7,1,41,58,37,41,10,17,0,1,47,58,14,45,13,31,2,7,11,11,27,76,74,134
18,2017-404-d643-d683,138,4,1,56,87,41,56,18,31,1,4,59,87,21,62,19,29,5,13,15,14,40,91,99,178
18,2017-404-w367-k435,78,7,1,34,59,26,34,18,25,0,0,44,59,6,36,17,27,2,10,11,10,23,63,67,122
18,2017-404-n552-ma30,72,3,1,38,49,29,38,6,11,1,1,35,49,6,27,20,28,4,10,8,8,26,55,61,104
18,2017-404-n409-v306,89,1,1,41,56,33,41,8,15,0,1,41,56,16,52,10,13,3,5,11,10,26,65,67,121
18,2017-404-f324-n409,68,5,1,25,45,19,25,15,20,1,1,34,45,14,32,9,22,4,5,8,9,23,54,57,99
18,2017-404-f324-j386,95,12,4,47,78,41,47,18,31,0,0,59,78,13,56,13,28,0,4,12,12,26,84,85,162
18,2017-404-tb69-z168,58,7,0,32,45,28,32,9,13,0,0,37,45,10,33,18,28,3,9,9,8,28,61,65,106
18,2017-404-mc65-i186,69,3,1,33,50,26,33,11,17,0,0,37,50,13,37,12,22,3,8,9,9,25,59,62,109
18,2017-404-gb88-r772,99,9,2,46,77,34,46,16,31,5,7,50,77,15,39,8,23,3,4,11,11,23,62,73,139
18,2017-404-sm25-d875,146,8,5,57,104,40,57,31,47,7,9,71,104,25,88,16,30,2,11,15,15,41,118,112,222
18,2017-404-n732-ba47,142,5,2,70,105,44,70,16,35,3,8,60,105,11,52,29,52,4,9,14,15,40,104,100,209
18,2017-404-y124-pf39,107,5,7,47,94,31,47,23,47,5,8,54,94,13,44,14,31,3,7,13,13,27,75,81,169
18,2017-404-ke17-z355,73,6,2,32,50,27,32,10,18,0,0,37,50,9,27,12,29,3,5,9,10,21,56,58,106
18,2017-404-c882-f510,66,5,2,38,53,31,38,6,15,1,2,37,53,18,40,9,14,4,8,9,8,27,54,64,107
18,2017-404-j267-fb98,100,7,4,29,71,25,29,27,42,0,2,52,71,10,39,13,35,3,6,14,14,23,74,75,145
18,2017-404-l987-pd07,148,1,1,82,116,55,82,20,34,2,4,75,116,10,45,21,41,4,5,17,16,31,86,106,202
18,2017-404-pd07-mc10,111,5,2,48,71,34,48,8,23,2,5,42,71,15,45,16,27,4,10,11,11,31,72,73,143
18,2017-404-w367-l503,78,9,3,33,59,29,33,15,26,2,2,44,59,7,27,14,31,2,10,10,9,21,58,65,117
18,2017-404-d643-e831,111,3,3,51,77,35,51,13,26,1,3,48,77,15,47,16,31,3,8,11,11,31,78,79,155
18,2017-404-n409-pc11,81,2,1,34,54,24,34,10,20,6,8,34,54,14,27,11,19,5,6,9,8,25,46,59,100
18,2017-404-fb98-c977,138,10,3,60,106,41,60,20,46,8,13,61,106,14,49,27,46,6,8,16,16,41,95,102,201
18,2017-404-f510-t786,150,6,6,58,107,45,58,22,49,8,12,67,107,18,65,30,56,3,12,16,15,48,121,115,228
18,2017-404-n552-e687,85,1,1,40,58,29,40,8,18,4,6,37,58,7,28,22,34,4,9,10,9,29,62,66,120
18,2017-404-tb69-ca12,74,6,3,34,56,24,34,13,22,5,6,37,56,11,33,12,20,4,5,9,9,23,53,60,109
18,2017-404-mc65-kc86,115,6,2,46,82,33,46,15,36,7,10,48,82,25,50,20,36,7,14,11,11,45,86,93,168
18,2017-404-f324-r612,51,4,1,24,41,19,24,10,17,0,0,29,41,6,14,18,33,5,5,7,8,24,47,53,88
18,2017-404-gb88-ke29,116,4,6,53,93,36,53,20,40,7,11,56,93,11,49,24,36,5,14,14,14,35,85,91,178
18,2017-404-d875-y061,70,7,1,25,42,22,25,10,17,0,1,32,42,18,35,17,29,5,10,8,8,35,64,67,106
18,2017-404-pf39-sl28,71,4,2,28,54,22,28,17,26,1,1,39,54,10,26,20,37,3,5,9,8,30,63,69,117
18,2017-404-ba47-f811,108,13,4,44,81,34,44,17,37,3,5,51,81,15,55,22,32,3,14,11,11,37,87,88,168
18,2017-404-ke17-z184,71,10,0,34,53,29,34,14,19,3,3,43,53,10,30,10,21,2,2,10,9,20,51,63,104
18,2017-404-bd06-me82,92,1,1,47,59,37,47,7,12,3,3,44,59,11,36,21,36,3,11,10,10,32,72,76,131
18,2017-404-z355-bf23,100,6,4,43,73,34,43,20,30,0,0,54,73,6,39,18,34,1,4,11,10,24,73,78,146
18,2017-404-sm25-l949,100,5,5,51,87,33,51,20,36,5,8,53,87,14,60,12,16,2,5,13,12,26,76,79,163
18,2017-404-i186-k926,96,23,0,54,70,47,54,10,16,0,0,57,70,9,42,9,29,0,0,12,12,18,71,75,141
18,2017-404-n732-k336,80,2,0,41,69,26,41,20,28,7,7,46,69,7,29,14,25,3,4,9,10,21,54,67,123
18,2017-404-cd85-g967,67,7,3,33,54,26,33,13,21,2,3,39,54,9,32,18,30,4,8,10,10,27,62,66,116
18,2017-404-r772-d923,153,3,6,59,104,45,59,21,45,1,5,66,104,24,69,20,41,5,13,17,17,44,110,110,214
18,2017-404-j386-a678,134,17,4,57,88,47,57,17,31,3,4,64,88,12,61,13,36,1,6,15,16,25,97,89,185
18,2017-404-y124-q927,93,6,4,61,93,45,61,15,32,6,7,60,93,7,38,12,28,2,2,14,13,19,66,79,159
18,2017-404-ma30-v708,87,15,0,29,50,27,29,14,21,1,1,41,50,16,41,15,32,3,10,9,10,31,73,72,123
18,2017-404-v306-h996,76,0,5,43,59,38,43,7,16,0,1,45,59,7,36,13,20,3,8,10,9,20,56,65,115
18,2017-404-c882-k966,120,6,0,48,81,36,48,19,33,2,3,55,81,17,55,19,36,1,3,12,12,36,91,91,172
18,2017-404-k435-d801,68,3,2,32,60,23,32,13,28,2,4,36,60,11,31,11,25,2,7,7,7,22,56,58,116
18,2017-404-z168-sh90,75,8,1,35,59,30,35,13,24,3,3,43,59,13,36,11,24,3,5,9,10,24,60,67,119
18,2017-404-l987-l397,116,6,2,61,86,46,61,18,25,2,3,64,86,11,48,19,43,2,7,15,15,30,91,94,177
18,2017-404-d683-d874,111,11,2,50,77,35,50,15,27,2,3,50,77,16,46,15,26,2,7,11,10,31,72,81,149
18,2017-404-j267-g710,94,0,2,30,60,25,30,16,30,2,3,41,60,13,41,20,33,4,8,10,11,33,74,74,134
18,2017-404-a678-gb53,78,6,0,37,58,26,37,12,21,3,4,38,58,13,29,14,24,4,10,9,8,27,53,65,111
18,2017-404-bf23-b747,122,11,3,75,110,51,75,17,35,6,8,68,110,14,54,16,29,4,4,15,15,30,83,98,193
18,2017-404-d874-kb54,69,1,2,24,50,20,24,18,26,0,1,38,50,7,29,16,24,3,9,10,9,23,53,61,103
18,2017-404-ca12-a829,107,7,4,44,70,34,44,12,26,5,6,46,70,17,45,21,38,3,10,10,10,38,83,84,153
18,2017-404-d801-t840,69,9,1,32,60,26,32,13,28,4,5,39,60,12,27,16,29,4,8,9,8,28,56,67,116
18,2017-404-d923-h940,130,4,4,76,104,51,76,15,28,10,13,66,104,18,58,19,40,4,13,15,16,37,98,103,202
18,2017-404-e831-e698,66,3,0,24,43,19,24,15,19,2,2,34,43,8,25,16,22,4,8,8,8,24,47,58,90
18,2017-404-e687-ba65,53,2,2,23,44,19,23,12,21,0,0,31,44,12,25,14,19,5,5,7,7,26,44,57,88
18,2017-404-f510-k776,139,2,8,50,96,32,50,23,46,12,17,55,96,16,51,21,40,4,11,14,14,37,91,92,187
18,2017-404-f811-ta46,62,7,1,31,60,21,31,20,29,3,3,41,60,9,30,13,17,4,6,8,8,22,47,63,107
18,2017-404-fb98-pd31,65,5,0,35,54,24,35,15,19,1,1,39,54,2,21,18,26,3,3,9,8,20,47,59,101
18,2017-404-g967-o522,86,7,8,35,75,30,35,24,40,1,2,54,75,10,42,15,30,3,8,13,13,25,72,79,147
18,2017-404-h996-bd20,156,14,5,68,113,52,68,22,45,0,1,74,113,21,75,18,38,2,9,17,16,39,113,113,226
18,2017-404-j267-m873,87,4,1,23,53,18,23,17,30,1,2,35,53,14,32,21,35,5,12,8,9,35,67,70,120
18,2017-404-ke29-r419,73,12,2,37,58,27,37,12,21,3,4,39,58,17,34,14,25,5,10,9,10,31,59,70,117
18,2017-404-kc86-bg23,106,2,2,57,79,39,57,11,22,2,4,50,79,19,53,18,28,4,7,12,12,37,81,87,160
18,2017-404-k966-mj08,99,7,2,43,73,32,43,17,30,6,8,49,73,23,54,8,19,3,6,11,10,31,73,80,146
18,2017-404-k926-tc61,86,3,1,29,47,19,29,10,18,2,4,29,47,12,31,16,28,4,6,8,9,28,59,57,106
18,2017-404-l949-cg80,130,8,11,55,93,41,55,15,38,2,5,56,93,11,36,19,41,4,7,14,13,30,77,86,170
18,2017-404-l987-td51,78,2,1,39,54,29,39,9,15,3,4,38,54,13,39,21,31,4,10,9,9,34,70,72,124
18,2017-404-l503-h756,83,6,1,30,55,21,30,13,25,1,3,34,55,12,39,19,29,5,9,9,10,31,68,65,123
18,2017-404-me82-ma21,127,4,0,39,80,30,39,25,41,0,3,55,80,21,48,20,36,6,11,15,13,41,84,96,164
18,2017-404-n732-y218,108,1,0,38,60,23,38,15,22,5,6,38,60,14,41,25,34,5,11,8,9,39,75,77,135
18,2017-404-pc11-g476,137,2,4,56,92,41,56,19,36,3,6,60,92,14,46,30,52,5,8,15,15,44,98,104,190
18,2017-404-pd07-l575,150,10,2,60,109,43,60,25,49,5,8,68,109,19,57,28,50,6,9,15,16,47,107,115,216
18,2017-404-r612-sc56,74,3,5,27,61,18,27,19,34,5,7,37,61,9,36,22,31,4,13,10,10,31,67,68,128
18,2017-404-sh90-sm37,128,6,6,50,92,35,50,17,42,8,13,52,92,21,55,23,41,6,12,15,14,44,96,96,188
18,2017-404-sl28-g725,77,8,6,28,62,23,28,18,34,1,2,41,62,14,47,15,17,3,12,10,9,29,64,70,126
18,2017-404-y124-ke64,114,4,8,40,74,26,40,21,34,4,6,47,74,22,51,16,35,3,9,12,12,38,86,85,160
18,2017-404-v708-o376,114,9,3,50,83,30,50,16,33,5,10,46,83,16,48,21,29,6,13,13,12,37,77,83,160
18,2017-404-y061-mm58,92,2,6,27,62,20,27,17,35,5,7,37,62,13,34,23,40,4,12,10,10,36,74,73,136
18,2017-404-z184-ca99,155,4,5,74,113,53,74,24,39,5,7,77,113,17,65,25,43,3,4,17,17,42,108,119,221
18,2017-404-y218-n732,59,6,1,23,42,21,23,12,19,3,3,33,42,8,25,14,22,4,6,8,8,22,47,55,89
18,2017-404-bg23-bk92,74,1,3,49,76,33,49,11,27,4,8,44,76,9,34,23,35,5,9,11,10,32,69,76,145
18,2017-404-a829-dh58,125,1,2,51,83,30,51,16,32,4,9,46,83,19,55,23,39,6,12,14,14,42,94,88,177
18,2017-404-kc86-k926,85,2,1,40,66,27,40,10,26,3,5,37,66,7,18,21,32,5,8,9,8,28,50,65,116
18,2017-404-l987-k839,91,0,2,48,66,35,48,6,18,3,5,41,66,23,43,8,23,4,11,10,9,31,66,72,132
18,2017-404-g725-gb93,135,3,3,59,100,38,59,20,41,9,13,58,100,9,46,23,32,5,8,15,14,32,78,90,178
18,2017-404-b747-me89,104,2,7,34,74,27,34,20,40,7,8,47,74,11,41,17,30,3,7,10,10,28,71,75,145
18,2017-404-ca99-kb09,100,11,5,38,76,30,38,18,38,5,6,48,76,12,41,21,36,3,7,10,11,33,77,81,153
18,2017-404-pd07-r548,114,10,6,50,92,38,50,25,42,4,5,63,92,9,41,18,35,3,12,14,13,27,76,90,168
18,2017-404-l949-n674,118,5,4,40,77,29,40,19,37,4,7,48,77,23,65,33,49,6,26,13,13,56,114,104,191
18,2017-404-gb53-w630,85,3,7,28,61,24,28,17,33,1,2,41,61,12,38,21,31,4,7,10,10,33,69,74,130
18,2017-404-g967-ta29,94,5,3,42,80,30,42,20,38,5,7,50,80,14,41,16,38,4,8,12,13,30,79,80,159
18,2017-404-bg23-e690,71,1,4,36,60,31,36,9,24,10,11,40,60,12,32,18,34,4,10,9,9,30,66,70,126
18,2017-404-n674-i165,87,10,4,42,68,34,42,13,26,5,5,47,68,13,40,12,27,1,3,9,9,25,67,72,135
18,2017-404-n732-a853,63,1,0,33,42,27,33,9,9,0,0,36,42,13,42,12,17,3,5,9,9,25,59,61,101
18,2017-404-a829-me31,101,2,1,41,73,26,41,20,32,5,6,46,73,9,33,19,36,3,6,10,10,28,69,74,142
18,2017-404-r548-dc58,69,4,1,28,48,24,28,14,20,0,1,38,48,4,26,18,32,3,6,10,10,22,58,60,106
18,2017-404-k926-gc88,73,1,0,23,44,18,23,13,21,1,3,31,44,23,56,18,24,5,12,9,9,41,80,72,124
18,2017-404-g725-mp01,121,1,1,45,66,36,45,10,21,4,5,46,66,22,60,20,36,3,12,10,11,42,96,88,162
18,2017-404-g967-e873,61,7,0,24,47,20,24,16,23,0,0,36,47,12,36,14,24,3,10,9,9,26,60,62,107
18,2017-404-me89-g681,122,4,6,62,92,45,62,11,30,8,12,56,92,13,43,17,34,4,6,14,14,30,77,86,169
18,2017-404-l987-d646,120,3,3,56,90,38,56,19,34,3,7,57,90,18,49,21,37,7,15,15,15,39,86,96,176
18,2017-404-gb53-sc77,89,1,4,33,72,25,33,24,39,4,5,49,72,6,30,14,31,2,4,11,10,20,61,69,133
18,2017-404-ca99-r685,68,14,4,36,56,31,36,12,20,0,0,43,56,15,38,10,26,2,2,10,10,25,64,68,120
18,2017-404-gb93-be54,79,3,5,56,80,36,56,14,24,4,7,50,80,9,42,11,22,3,4,13,13,20,64,70,144
18,2017-404-b747-g940,84,3,3,35,68,28,35,22,33,2,3,50,68,9,35,12,28,2,3,11,11,21,63,71,131
18,2017-404-ta29-kc04,109,3,0,40,73,29,40,21,33,3,4,50,73,14,48,20,41,2,8,11,11,34,89,84,162
18,2017-404-l949-sf62,94,2,7,55,82,37,55,14,27,5,7,51,82,12,39,16,28,3,6,11,10,28,67,79,149
18,2017-404-y218-pb22,98,5,3,36,70,28,36,19,34,2,4,47,70,17,45,13,25,3,7,11,10,30,70,77,140
18,2017-404-pd07-kc12,77,8,1,28,46,23,28,17,18,0,0,40,46,15,39,13,26,2,9,10,9,28,65,68,111
18,2017-404-kb09-f724,73,4,0,28,52,23,28,15,24,1,1,38,52,9,37,20,30,3,11,9,9,29,67,67,119
18,2017-404-kc86-rc96,78,1,2,26,55,20,26,18,29,2,4,38,55,14,38,21,36,4,9,10,10,35,74,73,129
18,2017-404-k839-b896,130,2,4,59,102,35,59,23,43,4,9,58,102,14,48,28,47,6,13,15,16,42,95,100,197
18,2017-404-w630-re44,67,1,2,33,59,22,33,16,26,3,3,38,59,10,28,15,23,4,9,8,8,25,51,63,110
18,2017-404-bk92-g858,102,11,12,42,83,32,42,18,41,6,9,50,83,15,45,26,45,4,12,11,11,41,90,91,173
18,2017-404-dh58-sc47,131,7,2,61,102,42,61,20,41,8,10,62,102,15,47,17,36,3,8,13,13,32,83,94,185
19,2017-403-n409-f510,90,6,0,35,50,29,35,12,15,0,0,41,50,12,42,23,34,3,8,10,9,35,76,76,126
19,2017-403-f324-n409,95,5,1,39,62,34,39,11,23,4,4,45,62,14,41,12,24,2,9,10,9,26,65,71,127
19,2017-403-f324-ke17,191,10,3,74,122,63,74,28,48,1,2,91,122,24,95,25,53,1,7,18,18,49,148,140,270
19,2017-403-f510-n552,68,4,1,36,59,24,36,11,23,4,6,35,59,14,28,12,22,5,7,9,9,26,50,61,109
19,2017-403-n409-sm25,83,2,1,42,61,30,42,10,19,6,7,40,61,10,27,12,21,4,5,9,8,22,48,62,109
19,2017-403-f324-ba47,117,11,5,51,85,36,51,19,34,2,4,55,85,11,51,23,44,3,8,14,15,34,95,89,180
19,2017-403-ke17-z355,154,16,0,63,97,50,63,23,34,0,0,73,97,19,68,15,35,2,5,16,15,34,103,107,200
19,2017-403-z355-w367,104,2,2,42,73,32,42,21,31,4,5,53,73,14,40,19,36,5,11,12,13,33,76,86,149
19,2017-403-f324-bd06,117,8,1,35,72,31,35,24,37,1,3,55,72,19,61,19,37,2,10,12,12,38,98,93,170
19,2017-403-n552-d874,134,2,7,49,84,40,49,17,35,1,3,57,84,18,51,19,40,4,9,14,14,37,91,94,175
19,2017-403-n409-m873,95,2,2,38,60,35,38,13,22,0,0,48,60,10,44,14,27,1,1,11,11,24,71,72,131
19,2017-403-ke17-gb88,97,12,5,52,79,40,52,14,27,2,2,54,79,9,40,13,33,1,5,11,10,22,73,76,152
19,2017-403-sm25-dc58,63,2,6,27,49,24,27,11,22,1,1,35,49,7,18,17,28,4,7,8,7,24,46,59,95
19,2017-403-f510-y124,66,1,2,34,52,24,34,11,18,1,1,35,52,14,32,11,18,4,6,8,8,25,50,60,102
19,2017-403-ba47-me82,89,5,2,39,71,29,39,16,32,4,5,45,71,9,26,15,30,3,3,11,10,24,56,69,127
19,2017-403-w367-j267,70,7,3,45,70,37,45,11,25,6,6,48,70,9,29,12,24,2,4,10,9,21,53,69,123
19,2017-403-n552-v306,164,4,3,73,116,53,73,20,43,10,13,73,116,27,73,24,42,5,15,16,15,51,115,124,231
19,2017-403-n409-k435,98,0,0,47,59,36,47,7,12,0,3,43,59,10,38,20,35,3,8,12,11,30,73,73,132
19,2017-403-f324-d683,82,7,0,35,60,29,35,15,25,5,5,44,60,14,41,12,21,2,7,10,9,26,62,70,122
19,2017-403-gb88-sm37,152,11,2,67,121,50,67,24,54,11,14,74,121,24,60,16,36,4,13,16,15,40,96,114,217
19,2017-403-ba47-ma30,84,6,3,25,55,22,25,20,30,1,1,42,55,5,33,18,28,2,4,10,9,23,61,65,116
19,2017-403-sm25-v708,100,3,6,43,76,34,43,16,33,1,2,50,76,10,43,18,26,2,7,11,10,28,69,78,145
19,2017-403-ke17-k336,146,14,2,61,95,56,61,23,34,1,1,79,95,15,74,22,44,1,9,17,17,37,118,116,213
19,2017-403-bd06-q927,115,0,2,40,80,28,40,18,40,6,11,46,80,18,44,23,39,7,15,13,13,41,83,87,163
19,2017-403-d874-sl28,79,3,3,36,58,29,36,15,22,1,1,44,58,7,29,18,34,3,5,9,10,25,63,69,121
19,2017-403-f510-ca12,126,4,5,56,97,38,56,23,41,5,7,61,97,11,52,16,30,2,7,15,14,27,82,88,179
19,2017-403-z355-i186,158,9,4,71,112,60,71,27,41,3,4,87,112,13,80,15,36,1,2,18,18,28,116,115,228
19,2017-403-m873-pc11,76,1,2,36,59,28,36,14,23,3,3,42,59,13,41,9,14,3,6,9,10,22,55,64,114
19,2017-403-me82-cg80,158,5,3,58,92,42,58,16,34,3,7,58,92,21,61,22,45,3,12,15,15,43,106,101,198
19,2017-403-y124-pd31,78,0,3,38,63,25,38,12,25,0,4,37,63,10,31,21,32,5,9,11,11,31,63,68,126
19,2017-403-w367-z184,65,8,2,26,54,24,26,17,28,2,2,41,54,10,30,9,21,2,2,10,9,19,51,60,105
19,2017-403-n552-a678,89,1,1,29,46,25,29,11,17,0,0,36,46,11,40,16,27,3,6,9,10,27,67,63,113
19,2017-403-r975-t840,79,3,4,38,65,30,38,16,27,1,2,46,65,11,38,13,22,3,6,11,10,24,60,70,125
19,2017-403-f324-td51,73,8,0,32,56,27,32,18,24,0,1,45,56,13,36,11,26,2,6,11,10,24,62,69,118
19,2017-403-n409-sc56,81,3,0,40,56,33,40,10,16,2,2,43,56,7,26,15,30,2,5,10,9,22,56,65,112
19,2017-403-cg80-tb69,91,3,0,41,63,30,41,12,22,3,4,42,63,12,38,14,23,4,9,10,9,26,61,68,124
19,2017-403-ca12-c977,126,3,6,43,76,29,43,16,33,5,9,45,76,12,43,24,44,5,11,13,14,36,87,81,163
19,2017-403-gb88-kc86,86,1,4,33,61,24,33,16,28,2,4,40,61,15,31,18,33,5,13,10,9,33,64,73,125
19,2017-403-pc11-d875,115,2,4,64,91,41,64,15,27,7,8,56,91,6,37,20,31,2,2,11,10,26,68,82,159
19,2017-403-ba47-re44,72,8,3,31,59,25,31,17,28,3,3,42,59,9,26,12,22,3,8,9,8,21,48,63,107
19,2017-403-ke17-d923,64,10,5,32,51,26,32,11,19,1,3,37,51,16,35,12,22,4,7,10,9,28,57,65,108
19,2017-403-y124-pf39,93,5,4,46,74,30,46,10,28,7,10,40,74,13,28,22,35,6,13,9,9,35,63,75,137
19,2017-403-bd06-k926,109,0,3,43,74,27,43,18,31,6,9,45,74,18,45,23,38,4,15,11,10,41,83,86,157
19,2017-403-sm25-n732,32,1,0,7,13,5,7,4,6,0,1,9,13,2,9,6,12,0,3,3,3,8,21,17,34
19,2017-403-k336-kb54,77,9,2,45,69,36,45,14,24,4,4,50,69,10,37,8,16,2,3,10,9,18,53,68,122
19,2017-403-d874-cd85,104,1,2,48,74,37,48,12,26,3,7,49,74,18,59,14,23,4,12,14,13,32,82,81,156
19,2017-403-z355-l575,61,8,1,26,37,23,26,6,11,0,0,29,37,13,32,15,22,5,9,7,8,28,54,57,91
19,2017-403-i186-bd20,103,13,3,38,69,33,38,19,31,0,1,52,69,7,36,13,34,2,4,12,12,20,70,72,139
19,2017-403-sl28-sd32,50,5,0,17,39,15,17,14,22,0,0,29,39,16,27,11,22,5,7,7,7,27,49,56,88
19,2017-403-v708-r772,174,10,4,63,110,49,63,16,47,7,13,65,110,27,69,24,42,6,11,16,15,51,111,116,221
19,2017-403-pd31-c882,57,3,2,28,53,23,28,11,25,3,5,34,53,11,26,18,26,6,10,9,9,29,52,63,105
19,2017-403-q927-r419,52,9,1,33,44,31,33,5,11,0,0,36,44,19,41,5,9,3,7,9,8,24,50,60,94
19,2017-403-v306-e873,108,4,7,56,82,41,56,15,26,3,5,56,82,11,42,22,41,3,4,12,12,33,83,89,165
19,2017-403-ma30-sa93,110,13,4,44,78,38,44,21,34,3,3,59,78,13,50,15,35,0,6,12,12,28,85,87,163
19,2017-403-m873-j386,138,8,2,48,89,38,48,27,41,3,5,65,89,17,61,25,48,3,13,16,16,42,109,107,198
19,2017-403-sm37-f401,76,1,2,30,48,24,30,9,18,6,7,33,48,15,37,18,26,5,8,8,9,33,63,66,111
19,2017-403-dc58-z168,85,8,0,37,62,30,37,11,25,1,3,41,62,14,38,17,28,4,9,10,10,31,66,72,128
19,2017-403-d683-h756,82,3,0,29,52,25,29,15,23,2,2,40,52,9,30,19,33,3,6,9,9,28,63,68,115
19,2017-403-f510-sh90,143,8,7,68,126,45,68,27,58,11,16,72,126,18,49,20,46,4,9,15,14,38,95,110,221
19,2017-403-j267-l397,119,7,4,46,90,33,46,21,44,6,10,54,90,16,43,19,34,6,9,14,14,35,77,89,167
19,2017-403-me82-l503,124,6,2,56,99,34,56,22,43,8,12,56,99,17,43,9,25,5,10,14,13,26,68,82,167
19,2017-403-k435-fb98,151,4,3,60,109,41,60,23,49,7,12,64,109,20,58,27,53,5,11,16,17,47,111,111,220
19,2017-403-a678-l987,92,8,2,40,65,30,40,14,25,3,4,44,65,15,41,14,24,4,8,10,10,29,65,73,130
19,2017-403-bd20-r612,84,8,1,42,60,31,42,12,18,1,2,43,60,8,33,29,46,3,6,10,10,37,79,80,139
19,2017-403-ca12-bf23,61,7,1,26,37,24,26,8,11,0,0,32,37,12,31,13,20,4,9,8,8,25,51,57,88
19,2017-403-cg80-g710,171,5,3,54,99,40,54,29,45,2,4,69,99,21,63,15,37,2,8,16,15,36,100,105,199
19,2017-403-dc58-e831,143,8,3,50,100,38,50,25,50,7,10,63,100,10,46,27,51,3,8,14,14,37,97,100,197
19,2017-403-d874-ma21,129,1,5,61,92,36,61,16,31,4,8,52,92,20,50,17,27,5,9,12,12,37,77,89,169
19,2017-403-d923-ch27,148,3,8,74,124,49,74,17,50,13,19,66,124,21,46,28,47,7,12,14,14,49,93,115,217
19,2017-403-e873-e687,100,5,4,45,86,31,45,22,41,4,8,53,86,6,38,23,39,3,7,14,13,29,77,82,163
19,2017-403-f510-h940,99,2,8,46,87,35,46,20,41,10,12,55,87,13,36,21,39,4,9,11,11,34,75,89,162
19,2017-403-fb98-pg32,67,3,2,20,45,17,20,13,25,0,2,30,45,14,31,19,30,5,10,9,8,33,61,63,106
19,2017-403-h756-y268,135,3,3,55,84,39,55,14,29,8,11,53,84,20,61,25,42,4,16,12,12,45,103,98,187
19,2017-403-j267-d801,58,0,0,26,41,17,26,9,15,1,3,26,41,10,31,12,20,2,6,6,6,22,51,48,92
19,2017-403-kb54-i165,97,9,4,44,87,32,44,20,43,11,14,52,87,15,43,22,38,4,11,11,11,37,81,89,168
19,2017-403-kc86-l797,101,4,1,63,99,39,63,21,36,4,6,60,99,12,41,20,35,3,5,11,11,32,76,92,175
19,2017-403-k926-y061,71,2,1,27,47,17,27,14,20,1,3,31,47,11,28,20,28,6,10,8,9,31,56,62,103
19,2017-403-l575-rh16,65,0,2,16,41,13,16,19,25,0,0,32,41,16,38,17,26,4,14,8,7,33,64,65,105
19,2017-403-m873-mp01,75,2,3,31,54,24,31,13,23,2,3,37,54,13,34,12,19,4,10,9,8,25,53,62,107
19,2017-403-me82-b896,91,3,0,46,72,35,46,17,26,0,0,52,72,8,36,12,31,1,2,11,10,20,67,72,139
19,2017-403-n732-tc61,134,2,1,66,100,42,66,18,34,11,14,60,100,17,50,15,34,3,14,13,13,32,84,92,184
19,2017-403-pd31-k966,102,9,3,39,79,29,39,23,40,4,5,52,79,11,37,12,26,2,4,11,10,23,63,75,142
19,2017-403-pc11-sf62,137,1,5,62,102,40,62,21,40,6,11,61,102,7,43,32,49,4,5,16,15,39,92,100,194
19,2017-403-r419-bg23,119,8,1,53,94,34,53,22,41,8,11,56,94,19,56,19,34,5,14,13,14,38,90,94,184
19,2017-403-re44-mb02,44,3,3,20,33,18,20,10,13,0,0,28,33,15,29,15,23,5,10,7,7,30,52,58,85
19,2017-403-sm37-ke29,147,2,4,75,109,47,75,15,34,4,8,62,109,16,62,27,46,4,9,15,16,43,108,105,217
19,2017-403-sc56-hb05,51,1,0,20,39,14,20,13,19,3,4,27,39,8,21,22,25,6,10,7,7,30,46,57,85
19,2017-403-sl28-bh09,79,3,1,18,52,15,18,21,34,4,4,36,52,11,33,16,25,3,5,8,8,27,58,63,110
19,2017-403-sa93-a829,73,8,3,36,56,27,36,13,20,1,3,40,56,11,36,15,23,4,5,10,10,26,59,66,115
19,2017-403-td51-k776,121,12,4,54,88,42,54,19,34,4,7,61,88,18,60,24,40,5,14,16,15,42,100,103,188
19,2017-403-v708-h355,156,12,6,62,99,50,62,24,37,5,6,74,99,23,61,18,46,3,11,17,16,41,107,115,206
19,2017-403-t840-mj08,116,10,3,50,82,37,50,21,32,3,4,58,82,16,49,16,36,4,11,14,14,32,85,90,167
19,2017-403-y124-ba65,78,4,1,43,66,32,43,13,23,1,3,45,66,11,43,14,25,3,5,12,12,25,68,70,134
19,2017-403-z184-e698,157,8,2,72,113,48,72,23,41,5,7,71,113,10,42,24,55,5,8,16,16,34,97,105,210
19,2017-403-b896-y061,94,3,3,42,68,29,42,13,26,3,6,42,68,14,42,20,35,4,10,12,12,34,77,76,145
19,2017-403-hb05-sc73,87,4,0,46,74,31,46,15,28,7,8,46,74,12,32,17,29,4,8,10,10,29,61,75,135
19,2017-403-td51-bk19,117,10,1,54,86,41,54,17,32,2,5,58,86,23,57,21,46,4,9,15,15,44,103,102,189
19,2017-403-a829-sc77,110,1,3,51,75,37,51,15,24,1,4,52,75,18,55,20,34,5,12,14,14,38,89,90,164
19,2017-403-e873-o376,82,3,0,35,58,25,35,16,23,0,1,41,58,9,37,18,29,3,7,11,10,27,66,68,124
19,2017-403-k926-gb93,72,2,1,37,62,23,37,19,25,5,5,42,62,10,36,16,20,3,10,9,8,26,56,68,118
19,2017-403-dc58-ke64,81,6,2,29,63,20,29,22,34,8,10,42,63,9,31,21,30,5,7,10,11,30,61,72,124
19,2017-403-l987-kc29,78,2,1,41,57,29,41,8,16,1,2,37,57,9,33,20,33,4,8,9,10,29,66,66,123
19,2017-403-l797-ki95,63,6,1,33,61,24,33,19,28,8,8,43,61,13,32,11,16,3,6,9,8,24,48,67,109
19,2017-403-bh09-k839,82,4,3,24,59,19,24,16,35,1,3,35,59,19,35,12,23,5,9,9,8,31,58,66,117
19,2017-403-sf62-be54,69,5,2,30,57,23,30,16,27,2,3,39,57,12,23,14,31,4,4,10,9,26,54,65,111
19,2017-403-k839-h996,131,0,3,60,91,44,60,15,31,3,5,59,91,16,60,30,53,3,12,15,15,46,113,105,204
19,2017-403-y061-me31,164,8,7,64,116,45,64,28,52,10,13,73,116,25,71,20,46,3,11,16,16,45,117,118,233
19,2017-403-sc73-r685,144,12,6,64,106,48,64,18,42,6,8,66,106,16,61,33,62,2,9,15,16,49,123,115,229
19,2017-403-td51-g681,84,6,3,47,70,37,47,10,23,3,5,47,70,10,35,18,31,3,6,11,10,28,66,75,136
19,2017-403-a829-y218,66,0,2,35,49,23,35,8,14,1,2,31,49,15,25,15,27,5,14,7,7,30,52,61,101
19,2017-403-o376-bk92,111,1,4,58,91,46,58,21,33,3,4,67,91,13,54,27,47,4,6,16,15,40,101,107,192
19,2017-403-k926-g967,45,3,1,18,27,15,18,5,9,0,0,20,27,1,14,10,16,1,2,5,5,11,30,31,57
19,2017-403-dc58-wb32,62,5,1,23,43,18,23,15,20,0,0,33,43,12,34,20,29,4,10,8,8,32,63,65,106
19,2017-403-kc29-w630,99,3,2,47,69,36,47,18,22,0,1,54,69,13,52,18,34,1,7,12,12,31,86,85,155
19,2017-403-l797-k0a4,116,2,4,60,109,43,60,20,49,9,14,63,109,27,60,11,28,6,6,15,15,38,88,101,197
19,2017-403-sf62-g725,61,4,1,27,53,22,27,15,26,0,1,37,53,10,32,12,21,3,6,10,9,22,53,59,106
19,2017-403-e873-kb09,58,7,0,27,52,20,27,18,25,1,1,38,52,6,23,12,23,3,4,9,8,18,46,56,98
19,2017-403-bh09-gb53,64,9,2,35,48,30,35,7,13,1,1,37,48,11,34,11,21,3,6,9,10,22,55,59,103
19,2017-403-l987-z189,33,1,1,17,28,13,17,6,11,2,2,19,28,3,9,5,13,2,2,4,5,8,22,27,50
19,2017-403-sc77-g858,117,7,3,66,96,51,66,14,30,6,7,65,96,10,50,24,33,5,9,14,14,34,83,99,179
19,2017-403-o522-ca99,70,14,3,32,63,28,32,20,31,1,2,48,63,6,33,11,24,2,2,11,11,17,57,65,120
19,2017-403-bk19-f811,43,7,3,21,34,18,21,5,13,3,4,23,34,12,25,8,13,3,4,6,6,20,38,43,72
19,2017-403-gb93-hb64,117,5,8,53,90,36,53,19,37,2,6,55,90,20,51,20,50,3,9,14,15,40,101,95,191
19,2017-403-ke64-ki74,141,3,10,73,122,44,73,21,49,11,16,65,122,21,45,20,38,6,9,14,13,41,83,106,205
19,2017-403-ki95-l949,59,2,3,34,52,25,34,11,18,1,2,36,52,9,23,13,28,4,6,9,9,22,51,58,103
19,2017-403-be54-kc04,101,5,4,46,77,33,46,19,31,2,5,52,77,18,58,14,34,3,10,14,14,32,92,84,169
19,2017-403-hb05-pb22,80,5,1,30,55,22,30,12,25,3,5,34,55,20,38,17,31,5,11,9,9,37,69,71,124
19,2017-403-b896-sg64,168,4,10,78,127,50,78,22,49,7,13,72,127,20,64,34,52,8,14,17,17,54,116,126,243
19,2017-403-kc86-d646,124,3,1,79,100,52,79,8,21,8,11,60,100,20,62,29,44,6,13,14,14,49,106,109,206
20,2017-717-bd20-e873,115,8,1,55,85,39,55,20,30,2,4,59,85,13,51,19,36,4,11,15,15,32,87,91,172
20,2017-717-j386-sm25,119,12,8,59,95,46,59,18,36,3,5,64,95,12,53,17,29,3,7,15,14,29,82,93,177
20,2017-717-j386-bd20,145,9,8,53,107,42,53,27,54,6,9,69,107,17,56,18,41,3,3,16,16,35,97,104,204
20,2017-717-sm25-l397,134,5,6,50,86,33,50,19,36,3,8,52,86,21,60,25,52,4,14,14,15,46,112,98,198
20,2017-717-e873-i186,183,10,3,75,133,57,75,40,58,7,8,97,133,19,84,19,45,1,8,18,18,38,129,135,262
20,2017-717-bd20-q927,107,6,6,40,81,27,40,26,41,1,3,53,81,9,40,21,43,3,6,14,14,30,83,83,164
20,2017-717-sm25-h355,115,5,1,57,88,42,57,18,31,4,5,60,88,12,51,14,31,2,4,14,14,26,82,86,170
20,2017-717-j386-v306,83,6,3,38,56,29,38,10,18,2,2,39,56,17,46,14,23,3,13,9,9,31,69,70,125
20,2017-717-q927-z184,72,19,2,33,53,32,33,11,20,2,2,43,53,8,37,17,30,2,5,10,10,25,67,68,120
20,2017-717-j386-ba65,79,10,4,50,66,43,50,9,16,0,1,52,66,13,49,14,28,2,2,11,11,27,77,79,143
20,2017-717-i186-md56,136,20,2,67,97,57,67,17,30,0,0,74,97,15,58,11,36,1,3,17,16,26,94,100,191
20,2017-717-v306-kc29,93,3,5,49,69,34,49,10,20,3,5,44,69,11,27,21,38,4,9,10,9,32,65,76,134
20,2017-717-bd20-g585,138,5,5,57,89,36,57,19,32,2,6,55,89,30,78,18,31,4,11,14,14,48,109,103,198
20,2017-717-e873-mj08,128,7,2,37,81,33,37,27,44,3,5,60,81,13,49,16,36,3,6,15,15,29,85,89,166
20,2017-717-l397-ch27,125,7,4,55,100,40,55,20,45,7,9,60,100,16,45,18,33,5,13,13,12,34,78,94,178
20,2017-717-v306-a678,117,3,3,65,81,48,65,10,16,5,6,58,81,9,49,17,31,1,6,12,12,26,80,84,161
20,2017-717-l397-f811,98,14,1,32,62,26,32,18,30,2,3,44,62,9,32,19,40,3,7,11,11,28,72,72,134
20,2017-717-mj08-y124,69,5,1,44,56,35,44,8,12,1,1,43,56,10,32,11,22,2,2,10,9,21,54,64,110
20,2017-717-ba65-ma21,89,5,2,40,80,27,40,25,40,5,7,52,80,16,46,8,21,3,9,11,10,24,67,76,147
20,2017-717-bd20-td51,123,10,7,49,97,33,49,24,48,5,9,57,97,21,57,13,26,4,9,14,13,34,83,91,180
20,2017-717-e873-sl08,77,5,1,24,49,20,24,17,25,2,2,37,49,9,32,18,29,3,12,9,9,27,61,64,110
20,2017-717-ch27-e224,150,3,3,64,100,47,64,17,36,5,8,64,100,27,82,16,28,4,14,16,16,43,110,107,210
20,2017-717-h355-o522,131,3,8,57,93,48,57,21,36,3,4,69,93,13,55,18,48,1,10,16,15,31,103,100,196
20,2017-717-z184-sc73,97,2,2,40,65,28,40,15,25,5,6,43,65,9,35,19,30,4,10,10,10,28,65,71,130
20,2017-717-kc29-rc96,34,1,0,16,19,12,16,2,3,0,1,14,19,7,12,5,11,2,2,4,4,12,23,26,42
20,2017-717-md56-pg32,105,5,2,38,68,25,38,21,30,0,2,46,68,18,47,22,40,6,8,13,14,40,87,86,155
20,2017-717-g585-dc58,162,1,3,74,120,49,74,20,46,10,14,69,120,16,56,27,42,6,10,15,16,43,98,112,218
20,2017-717-md56-kb09,144,7,6,57,100,38,57,22,43,11,14,60,100,18,55,19,41,3,10,15,14,37,96,97,196
20,2017-717-g585-b896,68,6,2,37,55,31,37,9,18,2,2,40,55,11,33,13,22,3,7,9,8,24,55,64,110
20,2017-717-sl08-g681,83,5,1,31,58,24,31,13,27,2,3,37,58,7,28,18,25,4,7,9,8,25,53,62,111
20,2017-717-rc96-ka98,117,5,3,42,77,36,42,21,35,2,4,57,77,19,70,28,47,3,9,14,15,47,117,104,194
20,2017-717-b896-a887,75,7,3,31,59,24,31,14,28,2,4,38,59,13,28,18,26,6,9,9,9,31,54,69,113
20,2017-717-g681-pb22,99,5,2,33,62,23,33,17,29,0,2,40,62,13,39,24,41,4,14,10,10,37,80,77,142
20,2017-717-ka98-o376,96,4,3,51,83,39,51,17,32,5,7,56,83,13,39,11,28,4,4,13,13,24,67,80,150
20,2017-717-kb09-ba23,27,1,3,6,17,3,6,3,11,5,7,6,17,4,8,6,8,2,3,2,3,10,16,16,33
20,2017-717-md56-sf62,156,5,8,65,109,43,65,21,44,7,11,64,109,17,56,32,60,3,18,16,15,49,116,113,225
20,2017-717-rc96-r383,119,3,3,57,89,40,57,19,32,4,5,59,89,13,49,20,38,2,6,12,12,33,87,92,176
20,2017-717-g585-n674,118,2,5,66,94,46,66,14,28,4,6,60,94,11,45,22,38,3,7,11,11,33,83,93,177
20,2017-717-sl08-d916,94,0,1,34,57,22,34,13,23,0,2,35,57,18,39,16,26,5,9,9,9,34,65,69,122
21,2017-360-cg80-r772,151,6,3,55,89,43,55,16,34,2,4,59,89,21,56,12,36,3,8,15,15,33,92,92,181
21,2017-360-cg80-k435,158,10,2,72,118,47,72,28,46,6,9,75,118,17,68,21,42,3,8,18,18,38,110,113,228
21,2017-360-cg80-v708,82,6,1,39,55,31,39,10,16,2,2,41,55,10,34,7,21,2,4,10,10,17,55,58,110
21,2017-360-k435-sl28,128,4,1,54,93,44,54,22,39,8,9,66,93,11,49,19,44,2,5,15,15,30,93,96,186
21,2017-360-v708-l503,141,9,3,58,88,48,58,16,30,3,4,64,88,16,54,11,36,1,1,15,15,27,90,91,178
21,2017-360-pd31-r419,63,10,2,27,57,23,27,16,30,2,3,39,57,16,36,8,16,4,6,9,9,24,52,63,109
21,2017-360-k435-pd31,62,0,1,20,41,19,20,14,21,1,1,33,41,14,39,21,30,4,14,8,8,35,69,68,110
21,2017-360-r419-d875,109,0,0,66,93,47,66,9,27,7,9,56,93,8,33,17,32,3,3,12,12,25,65,81,158
21,2017-360-r772-db63,147,4,2,54,86,38,54,19,32,5,7,57,86,20,52,24,44,5,12,15,14,44,96,101,182
21,2017-360-k435-ca12,96,9,2,37,69,26,37,19,32,4,6,45,69,22,58,16,24,5,12,11,12,38,82,83,151
21,2017-360-v708-z168,98,1,1,35,58,26,35,14,23,2,3,40,58,17,46,12,24,3,8,10,10,29,70,69,128
21,2017-360-l503-q948,172,4,1,54,93,34,54,19,39,4,10,53,93,27,63,26,53,5,15,15,15,53,116,106,209
21,2017-360-pd31-a829,70,6,2,30,51,24,30,12,21,1,1,36,51,14,35,18,30,4,12,8,8,32,65,68,116
21,2017-360-cg80-e655,162,1,4,63,97,43,63,20,34,8,11,63,97,15,55,31,56,4,10,14,15,46,111,109,208
21,2017-360-sl28-af32,85,6,2,27,62,22,27,24,35,3,3,46,62,6,25,15,29,2,3,10,9,21,54,67,116
21,2017-360-l503-g476,124,2,1,39,67,28,39,18,28,1,3,46,67,15,45,20,37,3,7,12,12,35,82,81,149
21,2017-360-pd31-b884,141,8,8,47,95,36,47,22,48,6,9,58,95,32,78,11,20,6,13,15,14,43,98,101,193
21,2017-360-cg80-sm37,109,5,4,53,86,38,53,13,33,13,14,51,86,13,29,16,32,4,11,9,8,29,61,80,147
21,2017-360-af32-g710,98,0,3,45,71,27,45,14,26,4,6,41,71,17,44,12,19,4,9,10,10,29,63,70,134
21,2017-360-a829-a479,99,4,1,42,64,33,42,12,22,0,1,45,64,5,32,19,34,3,3,10,11,24,66,69,130
21,2017-360-ca12-j267,116,8,7,44,84,34,44,23,40,5,6,57,84,15,46,16,35,3,8,14,13,31,81,88,165
21,2017-360-db63-k966,111,10,1,43,65,33,43,15,22,3,4,48,65,11,42,22,36,2,8,11,10,33,78,81,143
21,2017-360-e655-d874,66,2,3,41,52,33,41,3,11,1,1,36,52,9,24,5,19,0,0,7,6,14,43,50,95
21,2017-360-q948-m850,117,14,5,51,99,38,51,20,48,14,16,58,99,16,50,16,26,3,8,11,10,32,76,90,175
21,2017-360-r419-sc77,77,1,2,58,72,39,58,8,14,6,6,47,72,11,39,5,13,2,2,10,10,16,52,63,124
21,2017-360-sl28-da81,128,12,3,41,86,35,41,21,45,7,9,56,86,21,56,20,36,5,12,13,13,41,92,97,178
21,2017-360-v708-v495,80,5,3,35,52,25,35,9,17,1,3,34,52,12,26,17,27,5,9,9,8,29,53,63,105
21,2017-360-da81-v495,146,0,6,64,102,49,64,19,38,2,2,68,102,8,47,21,41,0,3,12,12,29,88,97,190
21,2017-360-q948-le01,78,6,3,32,59,27,32,15,27,5,5,42,59,10,27,14,27,3,3,9,8,24,54,66,113
21,2017-360-sc77-bk92,67,2,4,32,60,23,32,14,28,4,6,37,60,13,27,17,26,6,8,9,9,30,53,67,113
21,2017-360-db63-w579,79,3,5,32,56,25,32,13,24,2,2,38,56,8,32,16,25,3,4,9,9,24,57,62,113
21,2017-360-da81-tc02,49,2,1,16,37,15,16,14,21,0,0,29,37,11,19,15,23,5,11,7,6,26,42,55,79
21,2017-360-q948-d864,130,6,1,59,103,41,59,19,44,5,10,60,103,12,48,23,41,5,9,15,15,35,89,95,192
21,2017-360-db63-ca99,30,0,0,9,16,8,9,5,7,1,1,13,16,10,19,9,13,3,8,3,4,19,32,32,48
21,2017-360-sc77-cg73,39,2,0,23,38,17,23,11,15,0,0,28,38,14,22,7,10,5,6,7,7,21,32,49,70
21,2017-360-v495-ca33,188,8,4,73,127,52,73,31,54,10,12,83,127,14,51,27,61,4,9,18,18,41,112,124,239
21,2017-360-w579-re44,105,9,4,44,76,35,44,15,32,5,7,50,76,13,47,23,34,3,6,11,11,36,81,86,157
21,2017-360-bk92-cf59,82,6,20,34,77,28,34,12,43,7,11,40,77,16,32,16,26,6,8,10,10,32,58,72,135
21,2017-360-le01-z301,73,1,4,23,54,15,23,18,31,4,5,33,54,16,37,14,20,5,13,8,8,30,57,63,111
22,2017-410-n409-gb88,89,4,0,28,42,19,28,12,14,3,4,31,42,16,36,18,30,5,11,8,8,34,66,65,108
22,2017-410-n409-r772,76,5,1,31,41,25,31,7,10,0,0,32,41,13,29,13,23,4,11,8,8,26,52,58,93
22,2017-410-gb88-d643,158,3,2,53,100,32,53,28,47,7,9,60,100,24,71,21,39,4,17,14,15,45,110,105,210
22,2017-410-r772-pf39,136,3,2,59,103,43,59,22,44,7,9,65,103,19,45,19,38,5,6,14,14,38,83,103,186
22,2017-410-r772-c977,152,4,1,61,97,37,61,22,36,3,5,59,97,15,45,28,47,6,12,14,14,43,92,102,189
22,2017-410-n409-sm37,99,2,1,39,58,22,39,9,19,2,6,31,58,15,30,16,28,6,8,10,10,31,58,62,116
22,2017-410-pf39-c882,118,2,4,45,91,31,45,22,46,8,12,53,91,15,47,26,36,7,10,13,14,41,83,94,174
22,2017-410-r772-mc10,153,0,3,68,99,38,68,14,31,6,12,52,99,22,52,22,35,7,14,14,14,44,87,96,186
22,2017-410-d643-cd85,146,2,5,58,96,44,58,14,38,8,12,58,96,32,74,14,22,6,14,14,14,46,96,104,192
22,2017-410-n409-z355,69,1,2,20,35,16,20,12,15,0,0,28,35,20,38,11,19,5,12,7,7,31,57,59,92
22,2017-410-c882-w367,77,2,1,30,48,25,30,15,18,0,0,40,48,17,46,14,29,2,8,10,10,31,75,71,123
22,2017-410-c977-ba47,121,4,2,31,69,25,31,21,38,3,4,46,69,17,49,25,41,3,14,10,10,42,90,88,159
22,2017-410-gb88-tb69,135,2,3,46,93,33,46,29,47,0,4,62,93,25,66,15,33,4,9,16,15,40,99,102,192
22,2017-410-pf39-me82,11,0,0,4,10,3,4,5,6,0,0,8,10,3,4,2,3,1,2,2,1,5,7,13,17
22,2017-410-sm37-sl28,70,1,0,36,48,25,36,9,12,5,5,34,48,13,30,17,26,5,11,7,8,30,56,64,104
22,2017-410-mc10-ma30,116,2,8,43,72,33,43,16,29,7,9,49,72,16,39,20,42,4,8,12,12,36,81,85,153
22,2017-410-d643-sd32,152,2,1,51,83,32,51,19,32,1,6,51,83,21,52,21,41,6,16,15,15,42,93,93,176
22,2017-410-n409-e831,139,1,3,48,73,32,48,11,25,3,7,43,73,33,66,17,32,8,11,13,14,50,98,93,171
22,2017-410-w367-v708,84,3,1,42,63,32,42,14,21,0,2,46,63,18,45,15,29,5,7,13,13,33,74,79,137
22,2017-410-c977-ca12,66,8,2,27,48,25,27,7,21,1,2,32,48,11,24,16,23,5,10,8,7,27,47,59,95
22,2017-410-me82-t786,125,1,5,59,94,42,59,19,35,4,7,61,94,21,56,18,32,6,8,15,14,39,88,100,182
22,2017-410-sl28-d875,117,10,1,54,87,40,54,18,33,1,2,58,87,19,53,16,35,3,10,14,13,35,88,93,175
22,2017-410-tb69-h756,62,3,2,29,48,25,29,9,19,0,1,34,48,11,27,12,20,4,5,9,8,23,47,57,95
22,2017-410-ba47-h355,115,7,2,45,78,37,45,13,33,2,4,50,78,17,50,16,30,4,10,13,13,33,80,83,158
22,2017-410-gb88-a479,71,4,2,33,53,25,33,10,20,2,4,35,53,8,24,19,27,5,5,10,9,27,51,62,104
22,2017-410-pf39-l503,82,3,1,32,60,23,32,17,28,8,9,40,60,23,50,9,15,4,7,9,9,32,65,72,125
22,2017-410-sm37-bd06,107,0,3,44,77,23,44,14,33,6,12,37,77,27,48,16,22,8,11,10,11,43,70,80,147
22,2017-410-cd85-ke29,88,2,0,45,66,29,45,8,21,8,12,37,66,11,32,22,30,6,11,10,10,33,62,70,128
22,2017-410-z355-l397,60,5,3,27,43,21,27,10,16,1,2,31,43,20,38,11,19,5,9,8,8,31,57,62,100
22,2017-410-r772-b884,80,1,1,30,47,18,30,9,17,0,2,27,47,10,19,17,27,6,12,8,8,27,46,54,93
22,2017-410-c882-sh90,81,1,0,28,51,22,28,17,23,2,2,39,51,17,42,12,25,3,8,9,9,29,67,68,118
22,2017-410-ba47-kb54,120,3,5,54,94,41,54,23,40,2,3,64,94,14,55,22,44,2,11,15,14,36,99,100,193
22,2017-410-gb88-d632,72,2,0,22,43,12,22,18,21,2,2,30,43,13,29,19,29,5,13,7,8,32,58,62,101
22,2017-410-pf39-h940,72,2,7,19,54,15,19,21,35,2,3,36,54,13,35,18,28,4,10,9,9,31,63,67,117
22,2017-410-bd06-bg23,127,5,0,55,80,35,55,14,25,3,7,49,80,19,53,18,35,4,10,14,14,37,88,86,168
22,2017-410-cd85-f510,143,3,0,78,107,51,78,16,29,5,10,67,107,23,62,26,47,6,16,17,16,49,109,116,216
22,2017-410-z355-sa93,68,3,3,21,43,17,21,14,22,2,2,31,43,8,27,25,34,5,10,7,8,33,61,64,104
22,2017-410-r772-o376,79,1,2,35,56,23,35,11,21,6,8,34,56,19,33,10,17,6,9,8,9,29,50,63,106
22,2017-410-c882-t840,78,1,2,31,62,18,31,17,31,1,3,35,62,12,26,21,28,6,11,8,7,33,54,68,116
22,2017-410-a479-k966,117,6,1,38,77,27,38,24,39,4,6,51,77,19,53,21,34,5,14,13,13,40,87,91,164
22,2017-410-b884-h996,108,0,2,52,64,38,52,8,12,3,4,46,64,13,45,22,39,4,8,12,12,35,84,81,148
22,2017-410-ca12-cg80,162,8,5,57,89,47,57,17,32,3,4,64,89,28,87,26,47,1,7,15,15,54,134,118,223
22,2017-410-e831-e687,80,2,2,40,66,24,40,15,26,5,8,39,66,13,31,15,21,6,8,10,9,28,52,67,118
22,2017-410-h355-pd31,69,1,0,37,51,22,37,11,14,3,4,33,51,9,26,22,30,5,9,8,9,31,56,64,107
22,2017-410-h756-d923,67,2,3,32,56,20,32,15,24,2,3,35,56,14,28,7,17,4,6,9,8,21,45,56,101
22,2017-410-ke29-m873,85,4,3,30,67,21,30,21,37,5,6,42,67,18,40,11,21,4,10,9,9,29,61,71,128
22,2017-410-l503-g710,95,1,1,35,59,25,35,14,24,2,3,39,59,19,39,14,28,4,10,9,9,33,67,72,126
22,2017-410-l397-mm58,120,6,2,49,78,33,49,17,29,2,4,50,78,27,62,19,45,3,11,12,12,46,107,96,185
22,2017-410-me82-g476,122,2,4,41,75,29,41,19,34,1,4,48,75,13,45,19,36,3,7,13,13,32,81,80,156
22,2017-410-ma30-r419,63,12,1,27,44,25,27,8,17,1,1,33,44,8,21,12,20,4,6,8,8,20,41,53,85
22,2017-410-sm37-ta46,78,3,3,41,67,28,41,16,26,3,4,44,67,20,51,17,27,4,9,9,10,37,78,81,145
22,2017-410-sd32-j267,81,1,1,24,51,15,24,15,27,1,3,30,51,12,25,20,31,6,10,8,8,32,56,62,107
22,2017-410-sh90-mb02,63,6,4,37,61,28,37,13,24,8,8,41,61,10,29,11,17,3,3,9,8,21,46,62,107
22,2017-410-sl28-rh16,78,4,2,30,56,27,30,11,26,5,7,38,56,19,46,8,16,4,9,10,10,27,62,65,118
22,2017-410-v708-z168,96,2,1,45,68,34,45,12,23,3,4,46,68,9,39,19,33,3,10,10,11,28,72,74,140
22,2017-410-me82-se73,82,6,3,38,56,28,38,9,18,3,5,37,56,20,39,8,20,4,9,10,9,28,59,65,115
22,2017-410-sl28-h996,59,4,0,29,50,24,29,12,21,0,1,36,50,11,27,10,15,4,6,9,8,21,42,57,92
22,2017-410-k966-sc77,79,3,1,26,49,21,26,15,23,0,0,36,49,15,40,15,23,4,9,8,9,30,63,66,112
22,2017-410-b884-cf59,84,3,1,36,50,26,36,10,14,1,2,36,50,11,26,12,19,4,8,9,8,23,45,59,95
22,2017-410-g476-d923,128,4,5,59,91,41,59,16,32,9,12,57,91,25,57,19,33,6,14,14,14,44,90,101,181
22,2017-410-kb54-y061,161,4,1,68,108,49,68,16,40,5,10,65,108,18,63,24,46,4,7,16,17,42,109,107,217
22,2017-410-o376-ba98,160,0,4,70,116,46,70,25,46,7,8,71,116,26,65,13,30,4,7,15,15,39,95,110,211
22,2017-410-sl28-m850,139,11,2,52,93,37,52,25,41,2,4,62,93,18,57,26,51,3,10,15,15,44,108,106,201
22,2017-410-me82-cn78,60,1,1,29,45,20,29,10,16,1,2,30,45,18,26,13,22,6,12,7,7,31,48,61,93
22,2017-410-k966-d864,120,6,2,50,91,37,50,27,41,6,8,64,91,16,53,14,32,3,5,15,15,30,85,94,176
22,2017-410-b884-re44,84,1,2,27,50,21,27,17,23,1,1,38,50,8,23,12,23,3,6,9,8,20,46,58,96
22,2017-410-d923-g983,93,2,2,51,77,31,51,14,26,12,14,45,77,24,48,14,28,5,10,10,11,38,76,83,153
22,2017-410-kb54-b747,56,3,1,21,39,13,21,15,18,0,1,28,39,19,39,11,15,5,9,8,8,30,54,58,93
22,2017-410-ba98-k926,84,2,1,35,64,24,35,17,29,3,4,41,64,15,32,14,25,4,10,9,8,29,57,70,121
22,2017-410-h996-ca99,88,3,2,34,73,28,34,21,39,2,3,49,73,13,44,14,26,4,8,12,12,27,70,76,143
22,2017-410-cf59-a829,90,0,1,31,53,24,31,11,22,5,6,35,53,21,51,9,13,4,8,9,9,30,64,65,117
22,2017-410-sc77-l987,118,6,2,58,99,45,58,24,41,4,5,69,99,17,56,8,29,1,3,15,15,25,85,94,184
22,2017-410-y061-da81,140,7,3,66,102,45,66,17,36,7,10,62,102,21,63,12,31,2,8,14,14,33,94,95,196
22,2017-410-o376-kc04,115,3,2,61,100,42,61,19,39,8,10,61,100,15,47,12,27,3,9,12,12,27,74,88,174
22,2017-410-se73-n670,136,1,2,63,98,42,63,18,35,6,9,60,98,25,62,24,47,5,13,14,14,49,109,109,207
22,2017-410-g476-da59,68,0,1,31,51,25,31,10,20,2,3,35,51,16,32,7,14,4,4,9,8,23,46,58,97
23,2017-425-n409-z184,94,1,0,44,59,34,44,10,15,5,5,44,59,14,34,10,24,2,5,10,9,24,58,68,117
23,2017-425-n409-tb69,91,1,0,35,53,25,35,13,18,1,1,38,53,15,37,14,24,3,8,9,8,29,61,67,114
23,2017-425-tb69-mc10,135,6,4,35,71,25,35,19,36,4,8,44,71,31,67,14,29,6,10,13,14,45,96,89,167
23,2017-425-mc10-r772,180,2,6,47,102,34,47,28,55,7,11,62,102,21,57,17,37,3,3,15,15,38,94,100,196
23,2017-425-n409-ch27,104,1,1,43,60,35,43,9,17,1,2,44,60,14,40,16,28,3,5,10,10,30,68,74,128
23,2017-425-z184-ke29,74,3,0,41,51,31,41,7,10,1,1,38,51,6,23,16,25,3,3,9,8,22,48,60,99
23,2017-425-tb69-se73,52,4,3,29,44,19,29,8,15,0,2,27,44,15,21,10,13,6,8,8,7,25,34,52,78
23,2017-425-mc10-l397,110,6,1,47,84,31,47,21,37,6,7,52,84,17,44,10,21,3,10,10,10,27,65,79,149
23,2017-425-n409-a678,93,1,0,36,49,31,36,9,13,0,0,40,49,18,49,14,25,2,10,10,9,32,74,72,123
23,2017-425-ke29-gb88,155,10,2,83,123,60,83,19,40,7,8,79,123,21,69,23,43,3,8,16,15,44,112,123,235
23,2017-425-tb69-e687,82,6,3,53,68,41,53,7,15,6,6,48,68,14,48,9,17,2,6,10,10,23,65,71,133
23,2017-425-r772-bd06,130,1,1,52,68,32,52,5,16,2,8,37,68,26,59,22,32,8,12,13,14,48,91,85,159
23,2017-425-se73-cd85,77,2,0,51,63,37,51,6,12,4,4,43,63,17,43,12,19,3,5,9,9,29,62,72,125
23,2017-425-ch27-z355,81,0,1,37,55,27,37,9,18,1,2,36,55,21,42,9,16,5,10,8,9,30,58,66,113
23,2017-425-z184-pd31,139,1,0,81,108,50,81,17,27,9,12,67,108,10,56,32,56,3,7,15,16,42,112,109,220
23,2017-425-n409-sc73,75,2,1,25,44,17,25,13,19,1,2,30,44,15,27,12,18,5,7,8,7,27,45,57,89
23,2017-425-tb69-e831,80,6,3,48,73,36,48,12,25,6,6,48,73,15,35,8,20,3,6,9,8,23,55,71,128
23,2017-425-bd06-sl28,88,2,2,37,64,24,37,12,27,5,7,36,64,11,23,23,37,6,10,8,8,34,60,70,124
23,2017-425-gb88-bg23,72,0,1,27,50,15,27,14,23,1,4,29,50,24,44,13,18,7,12,9,9,37,62,66,112
23,2017-425-cd85-sa93,63,1,0,32,45,27,32,11,13,2,2,38,45,12,27,7,20,3,4,9,9,19,47,57,92
23,2017-425-r772-rh16,107,2,0,37,61,25,37,18,24,0,2,43,61,21,56,13,27,3,7,11,11,34,83,77,144
23,2017-425-z355-a479,146,1,3,64,102,41,64,23,38,1,5,64,102,20,67,22,41,4,8,16,16,42,108,106,210
23,2017-425-ke29-c882,115,2,0,42,73,32,42,19,31,2,4,51,73,10,45,18,38,2,6,12,12,28,83,79,156
23,2017-425-se73-g628,147,2,2,65,97,48,65,14,32,2,6,62,97,16,51,22,49,4,9,16,15,38,100,100,197
23,2017-425-a678-f401,66,4,2,32,50,29,32,9,18,0,1,38,50,7,24,8,18,3,4,10,9,15,42,53,92
23,2017-425-z184-sh90,105,5,2,59,74,42,59,10,15,2,3,52,74,12,52,16,28,2,8,12,12,28,80,80,154
23,2017-425-e687-z168,82,2,1,47,59,31,47,10,12,2,3,41,59,21,46,9,25,3,9,10,10,30,71,71,130
23,2017-425-ch27-k435,69,4,0,38,53,30,38,9,15,2,3,39,53,9,36,11,15,3,3,10,9,20,51,59,104
23,2017-425-pd31-g710,105,2,0,47,86,32,47,21,39,7,9,53,86,27,61,5,16,3,9,11,10,32,77,85,163
23,2017-425-l397-m824,61,6,0,19,41,14,19,18,22,0,0,32,41,9,25,15,22,4,7,8,8,24,47,56,88
23,2017-425-a479-d916,84,8,3,26,54,21,26,14,28,1,3,35,54,14,34,14,26,4,8,10,9,28,60,63,114
23,2017-425-a678-b884,135,8,2,47,79,38,47,14,32,1,4,52,79,22,70,12,23,3,6,14,15,34,93,86,172
23,2017-425-bg23-da81,68,0,1,44,61,28,44,11,17,6,7,39,61,12,28,16,25,5,9,8,8,28,53,67,114
23,2017-425-ch27-i165,80,1,0,39,60,28,39,16,21,3,3,44,60,9,37,10,16,2,3,10,10,19,53,63,113
23,2017-425-e831-ca12,83,8,5,51,87,37,51,18,36,5,5,55,87,10,37,6,13,2,3,10,9,16,50,71,137
23,2017-425-sc73-o376,51,1,0,22,34,19,22,9,12,0,0,28,34,9,21,14,19,5,9,7,7,23,40,51,74
23,2017-425-ke29-bd20,89,2,0,31,61,18,31,21,30,1,3,39,61,14,36,14,23,4,7,10,9,28,59,67,120
23,2017-425-g710-j267,106,1,1,45,63,31,45,10,18,6,8,41,63,17,44,20,30,4,10,10,11,37,74,78,137
23,2017-425-e687-mj08,166,7,2,57,100,40,57,27,43,8,12,67,100,40,90,16,32,6,15,16,16,56,122,123,222
23,2017-425-m824-g476,98,1,3,45,84,29,45,17,39,10,13,46,84,18,44,15,21,5,11,10,10,33,65,79,149
23,2017-425-sa93-y268,77,0,0,35,51,27,35,10,16,1,1,37,51,10,38,14,21,3,10,9,10,24,59,61,110
23,2017-425-sl28-h996,87,7,4,36,71,27,36,20,35,4,5,47,71,12,38,13,23,3,4,11,10,25,61,72,132
23,2017-425-rh16-a829,65,3,0,34,47,23,34,9,13,2,3,32,47,17,37,13,21,5,9,8,8,30,58,62,105
23,2017-425-se73-r419,77,2,3,41,63,28,41,13,22,6,7,41,63,10,32,10,20,3,9,10,9,20,52,61,115
23,2017-425-ta46-ba65,100,6,0,54,86,39,54,23,32,2,3,62,86,16,53,22,43,3,5,15,15,38,96,100,182
23,2017-425-z184-g725,64,5,0,36,46,26,36,6,10,4,5,32,46,23,47,7,13,5,9,8,9,30,60,62,106
23,2017-425-mj08-sh91,126,4,3,66,91,44,66,12,25,5,7,56,91,18,48,20,30,6,14,14,12,38,78,94,169
23,2017-425-d916-se73,113,0,0,62,79,35,62,12,17,8,11,47,79,17,44,14,23,4,9,11,11,31,67,78,146
23,2017-425-ch27-pc11,92,1,2,44,61,36,44,7,17,6,6,43,61,15,45,13,22,3,8,9,9,28,67,71,128
23,2017-425-g725-dh50,116,1,1,69,101,42,69,16,32,5,9,58,101,26,57,14,26,7,13,14,15,40,83,98,184
23,2017-425-da81-bc72,67,1,2,32,48,27,32,10,16,1,1,37,48,13,34,6,15,3,4,9,9,19,49,56,97
23,2017-425-rh16-mn20,68,8,0,39,53,27,39,7,14,3,4,34,53,20,38,11,14,6,14,7,7,31,52,65,105
23,2017-425-mj08-r685,121,6,3,77,106,48,77,11,29,2,6,59,106,22,56,16,32,6,12,16,14,38,88,97,194
23,2017-425-se73-ki74,103,4,1,52,73,34,52,9,21,2,5,43,73,24,51,12,22,5,8,10,10,36,73,79,146
23,2017-425-ch27-g858,84,4,1,36,57,31,36,13,21,0,0,44,57,13,42,17,28,2,2,10,10,30,70,74,127
23,2017-425-g725-la93,119,1,2,50,88,36,50,16,38,4,10,52,88,22,58,17,30,5,11,15,14,39,88,91,176
23,2017-425-da81-mu94,76,0,2,31,53,22,31,12,22,3,4,34,53,14,27,12,19,5,7,8,7,26,46,60,99
23,2017-425-mn20-re44,150,1,1,82,122,50,82,24,40,9,12,74,122,19,61,21,41,3,7,15,15,40,102,114,224
23,2017-425-dh50-cf59,115,0,2,31,63,20,31,16,32,1,5,36,63,21,50,24,43,7,16,12,13,45,93,81,156
23,2017-425-rh16-rb60,77,1,0,37,52,27,37,10,15,5,6,37,52,15,37,12,19,4,8,9,8,27,56,64,108
23,2017-425-sh91-d750,49,0,0,26,33,15,26,3,7,3,5,18,33,7,19,4,7,1,5,5,4,11,26,29,59
23,2017-425-bc72-ca33,119,3,6,63,95,42,63,15,32,6,9,57,95,13,39,25,45,5,8,13,13,38,84,95,179
23,2017-425-pc11-ta29,88,1,2,46,75,30,46,12,29,8,10,42,75,12,26,16,26,5,11,9,9,28,52,70,127
23,2017-425-d916-i236,107,0,4,47,77,30,47,14,30,5,8,44,77,24,55,10,18,4,7,11,11,34,73,78,150
24,2017-7648-pf39-k966,84,5,0,42,55,29,42,6,13,5,7,35,55,23,46,13,26,5,14,9,10,36,72,71,127
24,2017-7648-pf39-l503,74,7,0,35,50,29,35,11,15,0,0,40,50,17,45,10,20,3,6,10,10,27,65,67,115
24,2017-7648-bh09-db63,78,4,0,32,51,27,32,11,19,2,2,38,51,13,29,11,25,3,6,9,9,24,54,62,105
24,2017-7648-pf39-bh09,65,5,2,26,48,22,26,10,22,0,1,32,48,13,30,15,20,5,11,8,8,28,50,60,98
24,2017-7648-bh09-k336,63,6,0,32,41,30,32,6,9,0,0,36,41,11,41,11,18,3,3,9,10,22,59,58,100
24,2017-7648-db63-v306,151,2,0,64,101,44,64,15,37,9,14,59,101,40,93,9,18,5,17,14,14,49,111,108,212
24,2017-7648-l503-kb54,93,3,0,44,70,29,44,11,26,6,9,40,70,9,38,23,28,5,10,10,10,32,66,72,136
24,2017-7648-pf39-v708,133,5,2,65,110,43,65,22,45,5,9,65,110,21,72,21,29,4,8,16,15,42,101,107,211
24,2017-7648-kb54-f510,126,3,1,62,99,40,62,21,37,8,12,61,99,22,65,18,36,4,8,15,15,40,101,101,200
24,2017-7648-k336-d923,86,8,4,48,70,36,48,13,22,0,1,49,70,21,62,6,11,3,5,13,13,27,73,76,143
24,2017-7648-v306-f724,88,1,1,55,63,43,55,4,8,3,4,47,63,13,42,14,28,3,5,10,11,27,70,74,133
24,2017-7648-l503-sc77,134,1,1,64,101,41,64,23,37,6,7,64,101,13,52,11,27,2,5,14,14,24,79,88,180
24,2017-7648-db63-t840,105,0,1,48,82,30,48,19,34,9,11,49,82,18,43,15,23,5,8,10,10,33,66,82,148
24,2017-7648-k966-f811,71,3,1,35,58,24,35,12,23,4,6,36,58,14,28,12,18,5,9,9,8,26,46,62,104
24,2017-7648-bh09-h756,87,4,1,35,57,28,35,15,22,1,1,43,57,15,46,13,27,2,9,10,10,28,73,71,130
24,2017-7648-f811-sd32,79,3,0,35,44,28,35,5,9,0,0,33,44,16,40,18,31,4,11,8,9,34,71,67,115
24,2017-7648-l503-k926,105,4,0,48,65,33,48,9,17,1,3,42,65,16,42,15,24,4,7,11,11,31,66,73,131
24,2017-7648-t840-d864,53,5,1,30,44,27,30,7,14,3,3,34,44,10,28,13,16,4,11,8,7,23,44,57,88
24,2017-7648-bh09-ca99-1,85,5,1,40,59,32,40,9,19,2,3,41,59,16,40,8,19,4,5,10,10,24,59,65,118
24,2017-7648-h756-sm37,61,2,1,25,41,21,25,8,16,0,1,29,41,17,29,10,20,5,10,8,8,27,49,56,90
24,2017-7648-db63-mm58,85,0,3,34,52,25,34,10,18,3,4,35,52,11,27,21,37,4,11,8,8,32,64,67,116
24,2017-7648-k966-mn13,73,1,2,27,49,18,27,15,22,2,3,33,49,22,42,10,20,5,10,8,9,32,62,65,111
24,2017-7648-f724-y061,63,2,0,26,47,23,26,12,21,2,2,35,47,11,26,12,20,4,7,8,8,23,46,58,93
24,2017-7648-d923-d632,102,1,2,45,67,26,45,12,22,0,4,38,67,34,62,8,22,7,13,12,13,42,84,80,151
24,2017-7648-kb54-h940,93,3,2,53,79,41,53,12,26,3,4,53,79,19,49,15,28,2,6,11,10,34,77,87,156
24,2017-7648-sc77-mb02,49,3,0,30,40,21,30,4,10,0,2,25,40,16,28,8,16,4,6,7,6,24,44,49,84
24,2017-7648-v708-cg80,103,4,0,54,75,37,54,14,21,4,5,51,75,18,44,5,18,2,2,11,11,23,62,74,137
24,2017-7648-bh09-ca99-2,148,3,2,64,101,50,64,16,37,5,7,66,101,24,67,22,36,5,16,15,13,46,103,112,204
24,2017-7648-db63-d864,151,7,5,69,107,52,69,18,38,9,10,70,107,27,73,18,39,4,12,15,15,45,112,115,219
24,2017-7648-f811-bd80,125,5,0,79,97,53,79,10,18,6,9,63,97,23,60,9,27,4,10,16,15,32,87,95,184
24,2017-7648-mn13-sc77,103,1,2,53,75,37,53,12,22,0,1,49,75,15,50,15,30,2,6,11,10,30,80,79,155
24,2017-7648-bh09-gb53,85,2,1,37,52,30,37,8,15,1,1,38,52,22,43,12,30,3,10,9,9,34,73,72,125
24,2017-7648-bd80-l987,105,1,0,48,68,32,48,11,20,2,5,43,68,28,59,9,20,4,14,12,12,37,79,80,147
24,2017-7648-d864-sf41,121,10,1,58,87,38,58,17,29,6,8,55,87,21,63,16,28,3,16,11,11,37,91,92,178
24,2017-7648-sc77-p09o,64,3,1,34,48,26,34,7,14,0,1,33,48,22,43,3,11,4,7,9,9,25,54,58,102
24,2017-7648-db63-gb93,155,2,7,74,106,42,74,17,32,12,17,59,106,22,62,27,44,6,9,16,16,49,106,108,212
24,2017-7648-ca99-g940,114,5,6,59,98,36,59,21,39,4,8,57,98,21,51,17,28,6,9,14,14,38,79,95,177
24,2017-7648-f811-k839,59,1,0,33,40,25,33,4,7,1,2,29,40,18,35,8,13,5,7,8,8,26,48,55,88
24,2017-7648-mn13-be67,63,4,0,28,44,23,28,11,16,1,1,34,44,11,29,14,24,4,8,8,8,25,53,59,97
25,2017-7290-cd85-a479,70,0,0,46,61,27,46,11,15,5,6,38,61,11,29,8,13,4,4,9,9,19,42,57,103
25,2017-7290-cd85-f401,81,0,0,45,64,30,45,13,19,1,1,43,64,6,30,18,27,3,8,9,9,24,57,67,121
25,2017-7290-ma30-a678,99,8,1,50,70,34,50,12,20,4,5,46,70,14,43,10,23,3,11,11,11,24,66,70,136
25,2017-7290-cd85-ma30,83,1,0,43,58,31,43,12,15,0,1,43,58,13,40,11,21,3,5,10,10,24,61,67,119
25,2017-7290-a678-g628,160,4,6,88,133,58,88,20,45,11,14,78,133,19,57,12,26,3,3,15,14,31,83,109,216
25,2017-7290-cd85-r419,118,1,2,60,89,37,60,16,29,7,10,53,89,17,54,19,25,4,5,12,12,36,79,89,168
25,2017-7290-ma30-da81,116,8,1,50,80,40,50,14,30,2,5,54,80,25,60,13,19,5,9,15,14,38,79,92,159
25,2017-7290-f401-h940,72,0,1,29,46,21,29,14,17,3,3,35,46,16,39,15,22,4,8,8,8,31,61,66,107
25,2017-7290-g628-b884,88,1,2,39,63,25,39,13,24,4,6,38,63,19,37,11,20,5,8,9,8,30,57,68,120
25,2017-7290-ma30-s483,67,8,1,33,54,28,33,12,21,4,4,40,54,15,39,4,9,3,5,9,8,19,48,59,102
25,2017-7290-a479-e698,65,7,0,22,48,20,22,15,26,2,2,35,48,7,22,15,23,4,9,8,7,22,45,57,93
25,2017-7290-f401-sn54,75,2,2,34,53,27,34,9,19,4,6,36,53,15,40,13,16,4,6,10,9,28,56,64,109
25,2017-7290-a678-d985,146,11,3,68,101,50,68,21,33,7,9,71,101,26,73,18,35,3,9,17,16,44,108,115,209
25,2017-7290-da81-f811,88,0,1,47,61,33,47,7,14,3,4,40,61,13,38,12,22,3,4,10,10,25,60,65,121
25,2017-7290-d683-se73,81,8,2,32,48,26,32,8,16,1,1,34,48,17,38,13,21,4,10,8,8,30,59,64,107
25,2017-7290-f811-sh90,87,4,1,54,72,34,54,13,18,6,7,47,72,10,28,14,30,3,6,10,9,24,58,71,130
25,2017-7290-d985-e831,125,6,0,64,89,46,64,10,25,1,5,56,89,24,68,16,36,4,7,15,16,40,104,96,193
25,2017-7290-a479-pd31,53,4,2,31,50,25,31,12,19,0,0,37,50,4,16,13,23,3,3,9,8,17,39,54,89
25,2017-7290-a678-ce25,74,5,2,40,58,34,40,6,18,1,1,40,58,17,40,7,14,3,7,9,8,24,54,64,112
25,2017-7290-b884-y218,114,0,1,33,56,24,33,16,23,2,4,40,56,16,44,15,30,4,10,11,11,31,74,71,130
25,2017-7290-da81-o376,175,0,3,82,109,51,82,16,27,6,11,67,109,31,75,19,41,5,15,17,17,50,116,117,225
25,2017-7290-e698-j267,136,0,1,55,86,38,55,19,31,3,5,57,86,20,61,20,38,3,14,14,14,40,99,97,185
25,2017-7290-sn54-i165,71,2,1,30,45,20,30,9,15,3,5,29,45,12,23,15,21,6,7,8,8,27,44,56,89
25,2017-7290-h940-g476,119,6,2,44,78,33,44,19,34,3,5,52,78,18,51,18,35,3,7,13,12,36,86,88,164
25,2017-7290-r419-d864,73,2,2,32,54,27,32,11,22,1,1,38,54,8,21,12,23,3,4,9,8,20,44,58,98
25,2017-7290-s483-m850,71,0,1,43,51,25,43,4,8,2,5,29,51,14,36,12,27,3,4,9,10,26,63,55,114
25,2017-7290-y218-e873,71,1,2,37,46,32,37,5,9,0,0,37,46,13,33,7,15,3,7,9,8,20,48,57,94
25,2017-7290-f811-re44,72,0,0,38,59,32,38,13,21,0,0,45,59,12,32,6,22,2,3,11,10,18,54,63,113
25,2017-7290-d985-o482,77,0,1,37,53,21,37,10,16,5,8,31,53,20,38,10,16,6,7,9,9,30,54,61,107
25,2017-7290-ce25-d750,100,0,2,59,70,41,59,6,11,3,4,47,70,20,50,10,21,3,3,10,11,30,71,77,141
25,2017-7290-e873-j551,134,5,3,55,88,44,55,23,33,4,5,67,88,24,75,22,49,3,12,16,16,46,124,113,212
25,2017-7290-re44-g940,78,8,4,37,64,32,37,15,27,0,0,47,64,12,43,12,24,2,7,10,10,24,67,71,131
25,2017-7290-f811-la93,125,5,2,63,87,46,63,15,24,3,5,61,87,23,68,19,40,2,6,15,16,42,108,103,195
25,2017-7290-o482-ca33,78,0,2,41,53,26,41,7,12,4,5,33,53,11,26,19,29,5,11,8,8,30,55,63,108
25,2017-7290-ce25-gb53,57,1,0,31,39,26,31,6,8,0,0,32,39,11,22,12,22,4,7,8,7,23,44,55,83
25,2017-7290-d750-lc11,90,3,2,52,67,36,52,8,15,3,5,44,67,22,52,12,20,4,7,10,10,34,72,78,139
25,2017-7290-d985-g858,23,1,1,8,14,8,8,4,6,0,0,12,14,5,12,8,10,3,4,3,4,13,22,25,36
25,2017-7290-y218-mm60,175,8,1,67,109,37,67,26,42,7,12,63,109,35,77,15,36,7,13,17,17,50,113,113,222
26,2017-7163-r975-t840,66,5,2,41,56,30,41,8,15,1,1,38,56,7,24,7,17,3,3,9,8,14,41,52,97
26,2017-7163-c977-sm37,99,2,5,26,58,16,26,18,32,0,3,34,58,18,44,19,26,5,12,10,9,37,70,71,128
26,2017-7163-c977-r975,121,9,1,51,79,42,51,14,28,7,7,56,79,17,56,17,25,1,5,11,10,34,81,90,160
26,2017-7163-r975-ta46,110,25,4,58,83,47,58,15,25,1,1,62,83,16,58,9,26,0,1,12,12,25,84,87,167
26,2017-7163-sm37-l987,92,2,1,48,70,30,48,11,22,4,7,41,70,19,32,11,23,6,7,10,10,30,55,71,125
26,2017-7163-r975-bh09,156,13,2,58,96,49,58,24,38,0,0,73,96,24,82,15,32,2,7,16,17,39,114,112,210
26,2017-7163-t840-db63,50,2,0,23,35,15,23,7,12,4,6,22,35,12,24,7,13,4,4,6,7,19,37,41,72
26,2017-7163-c977-d632,45,7,0,20,32,18,20,10,12,0,0,28,32,15,24,8,14,5,5,7,7,23,38,51,70
26,2017-7163-c977-d923,70,1,1,33,52,24,33,12,19,1,2,36,52,11,28,12,21,4,10,9,8,23,49,59,101
26,2017-7163-sm37-tc61,82,3,0,33,51,23,33,13,18,2,2,36,51,9,24,14,24,4,9,8,8,23,48,59,99
26,2017-7163-db63-l503,77,0,1,27,44,18,27,14,17,0,1,32,44,18,39,6,15,4,5,9,10,24,54,56,98
26,2017-7163-t840-ke29,97,2,3,56,80,39,56,10,24,5,7,49,80,13,40,14,28,3,4,11,11,27,68,76,148
26,2017-7163-ta46-sc73,91,5,1,44,69,32,44,16,25,7,8,48,69,13,41,11,20,3,4,11,10,24,61,72,130
26,2017-7163-d632-v708,52,1,0,30,43,26,30,5,13,3,4,31,43,14,26,7,10,5,6,8,7,21,36,52,79
26,2017-7163-l987-y061,114,4,1,57,77,42,57,10,20,8,9,52,77,28,68,15,26,4,14,12,12,43,94,95,171
26,2017-7163-t840-b837,95,2,2,44,64,33,44,9,20,3,5,42,64,20,48,18,32,4,10,11,11,38,80,80,144
26,2017-7163-ta46-sk47,117,6,0,69,92,53,69,15,23,2,3,68,92,21,70,13,29,2,5,17,16,34,99,102,191
26,2017-7163-l987-cg80,161,2,0,81,114,53,81,16,33,7,10,69,114,23,63,17,39,5,9,17,16,40,102,109,216
26,2017-7163-bh09-f724,168,5,4,61,103,46,61,23,42,2,4,69,103,21,68,27,61,2,12,16,16,48,129,117,232
26,2017-7163-d632-sc56,101,0,0,39,63,28,39,11,24,2,5,39,63,25,56,17,31,5,13,11,11,42,87,81,150
26,2017-7163-db63-bc72,79,2,2,33,57,23,33,19,24,2,2,42,57,9,35,15,24,2,4,10,9,24,59,66,116
26,2017-7163-sc73-bh76,126,2,0,46,78,30,46,19,32,4,8,49,78,32,71,14,23,6,9,13,14,46,94,95,172
26,2017-7163-ke29-bg23,122,9,3,49,83,36,49,20,34,1,4,56,83,35,80,17,32,6,17,15,13,52,112,108,195
26,2017-7163-d923-te51,88,1,0,60,78,41,60,11,18,8,9,52,78,14,39,9,21,3,6,11,11,23,60,75,138
26,2017-7163-tc61-mb53,128,10,2,49,79,39,49,14,30,5,6,53,79,20,38,18,38,7,11,12,12,38,76,91,155
26,2017-7163-v708-g710,135,3,2,66,105,46,66,19,39,6,9,65,105,15,51,12,30,3,7,15,15,27,81,92,186
26,2017-7163-y061-i306,122,2,0,56,86,38,56,20,30,4,6,58,86,19,57,14,28,3,10,14,13,33,85,91,171
26,2017-7163-mb53-sk47,77,2,0,36,55,25,36,11,19,3,4,36,55,9,23,16,19,5,7,8,7,25,42,61,97
26,2017-7163-bh76-ga71,74,1,0,36,53,25,36,12,17,6,6,37,53,8,22,16,22,4,6,8,7,24,44,61,97
26,2017-7163-te51-v717,98,2,0,48,73,32,48,13,25,1,3,45,73,22,52,11,18,4,11,10,10,33,70,78,143
26,2017-7163-bc72-ki95,80,4,1,34,54,22,34,16,20,1,2,38,54,13,40,14,25,3,6,10,10,27,65,65,119
26,2017-7163-ga71-k839,140,6,4,53,99,37,53,26,46,3,7,63,99,21,54,15,33,6,17,16,15,36,87,99,186
26,2017-7163-ki95-be67,63,2,0,25,38,18,25,9,13,3,4,27,38,13,24,18,31,6,9,7,8,31,55,58,93
26,2017-7163-sk47-ch05,70,2,2,31,49,22,31,11,18,1,3,33,49,16,41,16,22,5,10,9,9,32,63,65,112
26,2017-7163-mb53-sh37,103,1,0,40,65,29,40,10,25,4,8,39,65,19,42,19,26,6,8,11,11,38,68,77,133
26,2017-7163-v717-d916,131,0,5,61,93,42,61,15,32,2,5,57,93,16,50,22,38,3,6,12,12,38,88,95,181
26,2017-7163-bh76-me56,67,2,0,36,47,27,36,9,11,5,5,36,47,16,37,12,21,4,12,8,8,28,58,64,105
26,2017-7163-te51-dh58,81,2,2,26,51,20,26,18,25,2,2,38,51,14,38,12,20,3,4,9,9,26,58,64,109
26,2017-7163-bc72-r750,180,6,1,82,129,61,82,25,47,7,8,86,129,24,80,13,35,2,3,17,17,37,115,123,244
27,2017-308-pc11-ch27,159,9,3,75,111,52,75,18,36,8,11,70,111,29,81,14,31,4,14,16,16,43,112,113,223
27,2017-308-z355-bd06,94,9,1,42,68,32,42,17,26,3,4,49,68,13,44,10,20,3,6,12,12,23,64,72,132
27,2017-308-bd06-h997,68,2,1,32,48,26,32,11,16,1,1,37,48,20,42,10,22,3,10,9,9,30,64,67,112
27,2017-308-z355-pc11,73,8,1,34,55,22,34,17,21,2,3,39,55,13,33,8,18,3,8,10,9,21,51,60,106
27,2017-308-ch27-k966,98,4,2,47,81,36,47,15,34,4,6,51,81,21,49,19,46,4,12,13,14,40,95,91,176
27,2017-308-pc11-z184,158,7,3,83,115,62,83,18,32,8,9,80,115,20,75,14,33,3,7,16,17,34,108,114,223
27,2017-308-z355-sl28,133,14,1,71,102,50,71,19,31,4,6,69,102,12,66,20,43,1,3,16,17,32,109,101,211
27,2017-308-ch27-mc65,72,2,1,43,59,34,43,8,16,3,3,42,59,13,39,13,20,3,9,9,9,26,59,68,118
27,2017-308-z355-ca12,75,5,2,40,63,32,40,10,23,3,4,42,63,15,39,12,22,3,4,10,10,27,61,69,124
27,2017-308-bd06-ca99,149,2,1,76,99,52,76,16,23,3,6,68,99,24,73,20,44,3,9,17,17,44,117,112,216
27,2017-308-z184-k435,99,8,0,58,75,46,58,8,17,3,3,54,75,7,44,13,25,1,3,11,11,20,69,74,144
27,2017-308-pc11-f510,67,6,0,34,57,28,34,8,23,4,6,36,57,12,32,14,18,5,7,9,8,26,50,62,107
27,2017-308-sl28-h355,88,7,4,48,73,36,48,10,25,5,7,46,73,6,33,19,28,4,6,11,11,25,61,71,134
27,2017-308-k435-rh16,68,3,0,37,50,29,37,8,13,2,3,37,50,22,50,8,16,4,11,9,10,30,66,67,116
27,2017-308-h997-bd20,139,3,2,71,107,44,71,18,36,6,13,62,107,22,68,25,42,7,16,17,17,47,110,109,217
27,2017-308-k966-z168,49,2,2,25,41,22,25,11,16,1,1,33,41,15,32,5,8,4,7,8,7,20,40,53,81
27,2017-308-bd20-k926,78,4,2,35,60,27,35,14,25,3,3,41,60,21,44,6,15,3,6,9,8,27,59,68,119
27,2017-308-z168-ba65,101,6,2,69,98,44,69,20,29,2,4,64,98,18,54,15,32,4,6,16,15,33,86,97,184
27,2017-308-ca12-kc04,66,6,3,32,48,28,32,5,16,1,2,33,48,15,34,13,22,4,6,9,9,28,56,61,104
27,2017-308-sl28-mn20,64,10,0,33,52,28,33,12,19,0,0,40,52,14,39,8,20,2,7,10,9,22,59,62,111
27,2017-308-ch27-mn13,138,4,4,66,101,51,66,23,35,3,4,74,101,23,80,11,26,1,6,16,15,34,106,108,207
27,2017-308-h355-sc77,94,4,0,41,63,33,41,14,22,1,3,47,63,17,54,14,28,2,8,13,13,31,82,78,145
27,2017-308-ca99-mj08,118,7,0,48,84,38,48,25,36,7,9,63,84,19,70,11,22,3,8,16,16,30,92,93,176
27,2017-308-h997-mi43,102,8,1,63,88,45,63,13,25,5,7,58,88,21,62,13,25,4,9,15,14,34,87,92,175
27,2017-308-k966-kc29,111,6,5,46,82,36,46,17,36,2,5,53,82,21,62,16,27,5,7,14,15,37,89,90,171
27,2017-308-pc11-sk94,57,2,0,25,36,22,25,5,11,1,2,27,36,21,32,10,16,6,11,7,7,31,48,58,84
27,2017-308-z184-sa93,130,6,1,62,94,44,62,15,32,3,7,59,94,10,43,25,40,6,9,16,16,35,83,94,177
27,2017-308-kc04-j400,94,4,1,49,75,30,49,14,26,1,4,44,75,14,37,14,22,5,9,11,10,28,59,72,134
27,2017-308-h997-i236,82,3,3,37,67,32,37,17,30,2,3,49,67,14,41,12,29,2,4,11,11,26,70,75,137
27,2017-308-pc11-mg08,70,5,1,39,56,27,39,10,17,0,2,37,56,15,36,10,16,4,5,10,9,25,52,62,108
27,2017-308-sk94-j397,98,4,1,47,70,36,47,14,23,1,2,50,70,9,36,20,35,3,7,10,10,29,71,79,141
27,2017-308-sk94-b747,81,3,1,33,53,24,33,9,20,2,4,33,53,12,32,16,24,5,8,9,8,28,56,61,109
27,2017-308-mg08-bk92,52,0,0,35,42,25,35,4,7,1,2,29,42,11,25,17,27,5,9,8,8,28,52,57,94
27,2017-308-h997-d981,143,8,6,73,122,50,73,27,49,8,11,77,122,19,59,17,42,3,5,17,17,36,101,113,223
27,2017-308-kc04-mh16,78,4,0,33,52,26,33,10,19,0,2,36,52,14,37,12,22,4,6,10,9,26,59,62,111
27,2017-308-i236-z09i,61,7,0,28,37,26,28,6,9,0,0,32,37,17,36,9,17,4,10,8,8,26,53,58,90
27,2017-308-pc11-e678,98,2,1,57,80,35,57,13,23,11,13,48,80,9,33,23,33,5,12,10,10,32,66,80,146
27,2017-308-j397-bc65,103,9,3,56,81,42,56,16,25,4,5,58,81,13,63,16,26,3,10,14,15,29,89,87,170
28,2017-1536-n409-gb88,120,0,0,46,66,35,46,13,20,5,5,48,66,18,50,18,32,2,14,10,10,36,82,84,148
28,2017-1536-n409-tb69,138,4,4,60,87,43,60,16,27,5,6,59,87,19,59,10,21,2,8,11,11,29,80,88,167
28,2017-1536-n409-d643,99,2,1,36,57,28,36,10,21,1,2,38,57,17,39,10,17,4,6,9,9,27,56,65,113
28,2017-1536-tb69-c882,84,3,0,38,52,32,38,8,14,0,0,40,52,15,50,14,26,2,10,10,10,29,76,69,128
28,2017-1536-d643-l397,93,6,1,44,65,35,44,13,21,1,1,48,65,6,35,9,21,2,5,11,11,15,56,63,121
28,2017-1536-cg80-mc10,85,3,1,31,53,23,31,12,22,4,5,35,53,10,32,13,20,4,8,9,9,23,52,58,105
28,2017-1536-tb69-cg80,79,0,0,31,49,25,31,13,18,3,3,38,49,12,38,12,18,3,6,9,8,24,56,62,105
28,2017-1536-c882-z355,90,0,3,38,63,28,38,16,25,0,1,44,63,13,52,16,25,4,9,12,13,29,77,73,140
28,2017-1536-n409-ke17,72,5,1,30,40,23,30,7,10,1,2,30,40,22,45,15,22,5,11,8,8,37,67,67,107
28,2017-1536-gb88-r975,75,4,1,34,48,26,34,8,14,0,1,34,48,7,26,19,27,4,8,9,9,26,53,60,101
28,2017-1536-tb69-d875,155,9,3,72,118,53,72,22,46,8,12,75,118,16,65,21,40,4,7,16,16,37,105,112,223
28,2017-1536-n552-f401,85,1,0,33,51,24,33,11,18,1,2,35,51,12,33,11,19,4,5,9,10,23,52,58,103
28,2017-1536-z355-ba47,75,5,0,36,52,26,36,10,16,2,4,36,52,9,33,14,23,4,8,10,10,23,56,59,108
28,2017-1536-c882-pd31,97,1,1,46,63,31,46,9,17,1,4,40,63,13,48,28,45,4,13,12,13,41,93,81,156
28,2017-1536-mc10-ca99,84,3,1,33,54,28,33,13,21,0,0,41,54,11,35,13,26,2,4,10,9,24,61,65,115
28,2017-1536-d643-a479,135,7,2,59,85,41,59,16,26,4,7,57,85,11,51,29,43,5,11,15,14,40,94,97,179
28,2017-1536-n409-f510,177,5,5,77,122,52,77,22,45,12,16,74,122,26,76,20,35,4,11,15,16,46,111,120,233
28,2017-1536-pd31-w367,108,10,4,61,101,45,61,19,40,6,9,64,101,21,62,15,27,5,10,15,15,36,89,100,190
28,2017-1536-r975-ma30,70,10,1,30,47,27,30,13,17,0,0,40,47,16,46,7,15,2,5,10,10,23,61,63,108
28,2017-1536-n552-sm37,120,5,0,60,92,36,60,14,32,9,13,50,92,21,52,22,30,6,13,11,12,43,82,93,174
28,2017-1536-z355-c977,155,7,3,77,117,55,77,23,40,7,8,78,117,14,59,24,48,3,11,16,15,38,107,116,224
28,2017-1536-tb69-dc58,75,6,1,48,57,37,48,3,9,2,3,40,57,7,25,15,27,3,5,10,9,22,52,62,109
28,2017-1536-gb88-mb02,75,9,1,37,54,29,37,14,17,0,0,43,54,19,45,11,22,3,6,9,9,30,67,73,121
28,2017-1536-ba47-h756,89,5,0,30,59,24,30,23,29,3,3,47,59,21,58,9,23,2,5,10,11,30,81,77,140
28,2017-1536-d875-k336,76,9,1,40,62,35,40,12,22,5,5,47,62,13,44,5,11,2,5,11,10,18,55,65,117
28,2017-1536-ke17-h940,59,8,0,28,46,24,28,13,18,1,1,37,46,11,32,13,23,3,6,9,9,24,55,61,101
28,2017-1536-cg80-h996,86,5,1,43,61,36,43,11,18,1,1,47,61,12,43,10,22,2,3,11,11,22,65,69,126
28,2017-1536-c882-m873,132,3,2,61,90,46,61,20,29,3,4,66,90,21,70,16,34,2,12,16,16,37,104,103,194
28,2017-1536-gb88-ke29,102,3,3,33,69,25,33,22,36,2,3,47,69,12,38,22,39,3,10,10,10,34,77,81,146
28,2017-1536-l397-sd32,132,14,0,59,89,45,59,16,30,9,12,61,89,13,47,13,34,3,5,15,15,26,81,87,170
28,2017-1536-t786-kb54,170,9,3,94,134,73,94,23,40,7,7,96,134,25,77,17,56,1,5,18,18,42,133,138,267
28,2017-1536-ba47-i165,63,10,0,34,47,29,34,11,13,0,0,40,47,4,32,10,16,2,3,10,10,14,48,54,95
28,2017-1536-d875-k435,108,9,4,50,79,39,50,14,29,4,6,53,79,14,47,16,34,3,7,11,11,30,81,83,160
28,2017-1536-m873-sm25,118,2,4,54,90,32,54,24,36,3,6,56,90,11,44,16,40,1,3,14,14,27,84,83,174
28,2017-1536-h996-pf39,129,22,4,72,103,61,72,16,31,3,4,77,103,14,63,16,39,2,5,17,16,30,102,107,205
28,2017-1536-sd32-mc65,122,2,10,53,94,33,53,22,41,9,13,55,94,19,49,15,23,4,4,12,12,34,72,89,166
28,2017-1536-ke17-b837,77,14,0,41,59,34,41,14,18,0,0,48,59,3,33,16,30,1,1,11,11,19,63,67,122
28,2017-1536-a479-r419,99,9,3,54,80,41,54,11,26,2,4,52,80,21,53,12,22,4,12,13,12,33,75,85,155
28,2017-1536-ca99-g476,172,10,3,72,106,57,72,19,34,3,6,76,106,17,72,26,56,2,5,17,17,43,128,119,234
28,2017-1536-cg80-z168,89,10,0,41,67,28,41,22,26,5,6,50,67,21,60,9,14,2,8,11,10,30,74,80,141
28,2017-1536-c882-bd20,154,7,4,75,115,53,75,21,40,5,8,74,115,20,58,12,44,2,2,17,17,32,102,106,217
28,2017-1536-dc58-me82,97,7,3,36,71,25,36,18,35,4,7,43,71,17,40,17,29,5,10,11,10,34,69,77,140
28,2017-1536-f401-k926,149,3,6,58,109,43,58,25,51,11,14,68,109,21,78,11,17,2,4,15,15,32,95,100,204
28,2017-1536-f510-sh90,68,3,2,40,55,31,40,10,15,0,0,41,55,11,36,8,19,2,4,10,10,19,55,60,110
28,2017-1536-h756-e687,80,8,0,48,70,35,48,11,22,6,7,46,70,15,39,9,14,4,5,10,10,24,53,70,123
28,2017-1536-h940-ta46,111,15,2,51,77,42,51,15,26,1,3,57,77,31,81,16,32,4,14,15,15,47,113,104,190
28,2017-1536-k336-bd06,181,35,6,97,141,76,97,28,44,7,7,104,141,14,91,14,32,0,4,18,18,28,123,132,264
28,2017-1536-l397-e873,74,9,3,32,50,28,32,13,18,0,0,41,50,12,40,11,25,2,7,10,10,23,65,64,115
28,2017-1536-mb02-g710,105,2,1,44,73,29,44,19,29,3,5,48,73,14,51,20,29,4,6,12,12,34,80,82,153
28,2017-1536-pd31-cd85,75,5,4,44,80,34,44,18,36,9,10,52,80,15,44,5,10,3,6,10,9,20,54,72,134
28,2017-1536-ma30-h355,91,13,0,48,64,40,48,12,16,2,2,52,64,13,44,11,28,1,1,11,11,24,72,76,136
28,2017-1536-sm37-r772,71,0,0,35,51,21,35,10,16,4,6,31,51,17,29,12,17,6,8,8,8,29,46,60,97
28,2017-1536-z355-v306,83,7,3,44,61,30,44,10,17,0,2,40,61,15,43,13,19,4,7,11,10,28,62,68,123
28,2017-1536-k926-cg80,112,3,0,69,92,40,69,16,23,13,15,56,92,12,35,11,23,3,4,11,10,23,58,79,150
28,2017-1536-me82-g725,89,0,3,45,75,30,45,19,30,2,3,49,75,18,47,11,23,2,4,11,11,29,70,78,145
28,2017-1536-bd20-y061,70,5,1,24,45,20,24,10,21,1,3,30,45,16,38,20,30,6,9,8,9,36,68,66,113
28,2017-1536-h996-sa93,106,11,1,38,81,31,38,24,43,1,3,55,81,14,48,16,36,2,4,12,12,30,84,85,165
28,2017-1536-i165-dc58,98,13,1,51,79,43,51,9,28,7,8,52,79,12,46,16,29,2,5,11,11,28,75,80,154
28,2017-1536-kb54-l797,89,3,2,31,63,26,31,20,32,0,0,46,63,18,47,16,32,2,6,10,10,34,79,80,142
28,2017-1536-e873-ki74,60,6,2,29,48,24,29,13,19,0,0,37,48,9,28,8,15,3,5,9,8,17,43,54,91
28,2017-1536-me82-mu94,133,1,2,78,109,45,78,15,31,8,13,60,109,14,47,18,34,4,8,16,14,32,81,92,190
28,2017-1536-cg80-la93,141,6,3,55,89,40,55,19,34,7,10,59,89,21,55,19,46,3,10,14,14,40,101,99,190
28,2017-1536-bd20-d864,81,4,1,45,61,37,45,8,16,0,0,45,61,9,33,11,27,2,3,10,10,20,60,65,121
28,2017-1536-ki74-bg23,73,3,1,40,62,27,40,10,22,4,6,37,62,26,45,5,9,6,8,9,9,31,54,68,116
28,2017-1536-sa93-te16,69,3,2,35,54,27,35,11,19,1,1,38,54,15,36,12,22,3,9,9,8,27,58,65,112
28,2017-1536-i165-ca33,93,4,1,37,61,32,37,18,24,0,0,50,61,14,44,19,39,1,9,11,10,33,83,83,144
28,2017-1536-kb54-rh16,74,7,1,34,56,27,34,16,22,1,1,43,56,21,50,10,25,2,8,10,10,31,75,74,131
28,2017-1536-k926-m915,143,0,1,75,99,42,75,17,24,5,10,59,99,24,74,15,31,5,10,15,16,39,105,98,204
28,2017-1536-dc58-e224,96,4,5,38,75,31,38,16,37,9,10,47,75,18,45,14,23,4,7,10,9,32,68,79,143
28,2017-1536-g725-mj08,143,9,3,71,116,49,71,27,45,6,9,76,116,20,61,19,49,3,5,17,17,39,110,115,226
28,2017-1536-l797-d801,97,6,2,45,72,35,45,21,27,0,1,56,72,12,52,18,39,2,5,15,16,30,91,86,163
28,2017-1536-e873-d646,55,4,1,24,46,21,24,13,22,1,1,34,46,9,22,10,15,4,5,8,7,19,37,53,83
28,2017-1536-h996-j397,76,8,2,33,51,30,33,15,18,0,0,45,51,14,51,15,26,2,9,10,10,29,77,74,128
28,2017-1536-y061-cf59,125,0,3,57,101,40,57,18,44,8,12,58,101,11,39,22,39,5,5,14,14,33,78,91,179
29,2017-416-z355-i186,117,12,3,59,82,52,59,13,23,3,3,65,82,22,70,9,19,3,5,15,14,31,89,96,171
29,2017-416-d643-tb69,60,2,0,31,43,25,31,6,12,2,2,31,43,13,24,11,13,5,7,7,6,24,37,55,80
29,2017-416-z355-d643,81,7,2,32,45,27,32,9,13,0,0,36,45,13,43,15,24,3,5,9,10,28,67,64,112
29,2017-416-d643-d683,91,4,1,39,61,27,39,13,22,4,5,40,61,13,35,7,11,4,5,9,8,20,46,60,107
29,2017-416-tb69-n409,111,2,2,41,67,28,41,15,26,6,7,43,67,24,53,8,17,4,8,9,10,32,70,75,137
29,2017-416-z355-r975,90,4,1,47,61,35,47,8,14,2,4,43,61,12,35,18,30,4,5,10,9,30,65,73,126
29,2017-416-d643-bd06,102,6,1,44,62,32,44,9,18,1,2,41,62,18,45,10,19,3,7,10,10,28,64,69,126
29,2017-416-i186-c977,158,21,1,79,105,54,79,18,26,4,6,72,105,10,58,21,49,0,2,16,16,31,107,103,212
29,2017-416-i186-w367,86,19,1,57,68,47,57,6,11,5,5,53,68,6,37,13,28,1,4,11,11,19,65,72,133
29,2017-416-n409-sm25,81,3,0,35,54,29,35,10,19,1,2,39,54,9,22,8,19,3,3,10,9,17,41,56,95
29,2017-416-r975-ba47,62,6,3,28,43,27,28,9,15,0,0,36,43,7,21,11,22,3,3,9,8,18,43,54,86
29,2017-416-c977-gb88,85,7,1,30,56,23,30,17,26,3,4,40,56,12,34,17,32,3,11,10,9,29,66,69,122
29,2017-416-tb69-q927,116,8,2,52,82,45,52,17,30,0,1,62,82,11,56,18,37,1,4,15,15,29,93,91,175
29,2017-416-d683-n552,114,8,3,40,69,33,40,13,29,0,2,46,69,13,37,13,27,3,5,11,10,26,64,72,133
29,2017-416-z355-f510,78,0,1,31,54,23,31,15,23,1,2,38,54,8,33,20,28,4,8,9,9,28,61,66,115
29,2017-416-f510-mc10,94,3,3,35,55,26,35,11,20,4,5,37,55,9,32,22,35,4,8,9,9,31,67,68,122
29,2017-416-w367-pd31,102,2,0,46,77,31,46,18,31,2,4,49,77,9,39,21,42,2,6,13,12,30,81,79,158
29,2017-416-n409-a479,24,2,0,5,9,5,5,3,4,0,0,8,9,7,15,4,6,1,6,2,1,11,21,19,30
29,2017-416-d643-bh09,106,4,0,48,68,36,48,11,20,1,2,47,68,19,48,12,26,3,7,10,10,31,74,78,142
29,2017-416-r975-h355,75,10,0,39,55,32,39,10,16,2,2,42,55,8,38,13,18,2,8,10,9,21,56,63,111
29,2017-416-c977-h940,82,10,2,35,55,28,35,12,20,2,2,40,55,15,38,19,34,3,10,9,8,34,72,74,127
29,2017-416-n552-f401,81,3,1,43,57,29,43,8,14,1,3,37,57,12,31,14,25,5,12,10,10,26,56,63,113
29,2017-416-tb69-c882,104,3,2,34,65,26,34,20,31,2,4,46,65,18,53,16,29,3,10,11,11,34,82,80,147
29,2017-416-gb88-v306,116,4,2,51,92,36,51,22,41,10,13,58,92,19,54,10,15,5,9,13,13,29,69,87,161
29,2017-416-ba47-b884,87,3,4,30,59,25,30,15,29,3,4,40,59,15,39,9,18,3,8,10,9,24,57,64,116
29,2017-416-sm25-v708,155,4,2,70,108,49,70,23,38,3,5,72,108,21,77,21,34,2,7,15,16,42,111,114,219
29,2017-416-bd06-cd85,158,1,0,76,114,54,76,18,38,7,9,72,114,27,67,14,29,6,7,14,15,41,96,113,210
29,2017-416-z355-t840,81,9,2,35,52,30,35,12,17,0,0,42,52,12,39,15,29,2,6,10,9,27,68,69,120
29,2017-416-d683-e831,105,7,3,39,59,29,39,12,20,1,3,41,59,10,30,16,35,4,11,11,11,26,65,67,124
29,2017-416-q927-sl28,74,7,2,36,63,29,36,15,27,2,2,44,63,12,35,14,31,2,6,10,9,26,66,70,129
29,2017-416-i186-mb02,95,21,2,53,77,45,53,13,24,0,1,58,77,11,49,12,31,1,8,12,12,23,80,81,157
29,2017-416-gb88-bd20,151,9,2,56,95,43,56,16,39,4,8,59,95,19,56,24,39,6,6,16,15,43,95,102,190
29,2017-416-d683-d875,128,7,0,43,76,33,43,18,33,3,5,51,76,16,47,15,33,4,11,13,13,31,80,82,156
29,2017-416-q927-pf39,113,14,3,55,90,46,55,16,35,2,3,62,90,12,46,22,46,1,3,12,12,34,92,96,182
29,2017-416-ba47-z168,109,0,0,51,76,39,51,16,25,4,4,55,76,17,53,10,29,1,9,11,11,27,82,82,158
29,2017-416-sm25-sm37,130,2,5,52,85,32,52,14,33,3,9,46,85,27,68,17,31,5,9,15,14,44,99,90,184
29,2017-416-z355-a678,145,4,3,62,92,44,62,16,30,3,5,60,92,20,62,18,40,3,13,15,15,38,102,98,194
29,2017-416-cd85-sd32,75,3,1,34,45,23,34,7,11,3,5,30,45,11,26,16,28,5,7,9,9,27,54,57,99
29,2017-416-i186-r772,127,32,3,71,93,61,71,13,22,0,0,74,93,17,71,9,23,2,3,16,15,26,94,100,187
29,2017-416-a479-sa93,117,5,1,45,81,32,45,18,36,2,4,50,81,17,53,20,30,3,15,11,10,37,83,87,164
29,2017-416-bh09-ml57,131,6,1,46,88,34,46,22,42,4,7,56,88,19,45,13,32,5,9,13,12,32,77,88,165
29,2017-416-bd06-d801,66,5,3,32,52,24,32,12,20,0,1,36,52,15,32,10,24,4,5,9,9,25,56,61,108
29,2017-416-b884-h756,127,5,3,58,85,34,58,13,27,5,8,47,85,19,34,14,32,5,7,11,10,33,66,80,151
29,2017-416-c882-me82,108,5,3,56,86,41,56,15,30,6,7,56,86,12,43,10,21,2,3,11,11,22,64,78,150
29,2017-416-e831-sh90,70,12,0,34,57,26,34,17,23,3,3,43,57,7,28,7,17,2,2,10,9,14,45,57,102
29,2017-416-f510-bk40,71,0,2,21,39,19,21,13,18,0,0,32,39,12,31,19,30,4,10,8,8,31,61,63,100
29,2017-416-h355-e873,143,9,2,73,116,52,73,23,43,11,12,75,116,15,54,23,45,3,11,14,14,38,99,113,215
29,2017-416-f401-l397,116,1,2,50,74,38,50,15,24,0,1,53,74,13,50,24,39,4,11,13,13,37,89,90,163
29,2017-416-h940-dc58,145,7,6,50,94,34,50,24,44,7,11,58,94,20,55,21,46,4,8,14,15,41,101,99,195
29,2017-416-mb02-mj08,68,8,0,30,49,27,30,11,19,2,2,38,49,19,45,7,15,3,10,9,9,26,60,64,109
29,2017-416-pd31-m873,72,3,2,31,53,25,31,12,22,2,4,37,53,15,34,10,21,4,8,10,9,25,55,62,108
29,2017-416-sl28-ta46,122,18,6,54,97,43,54,29,43,3,3,72,97,19,62,17,35,3,8,15,14,36,97,108,194
29,2017-416-t840-n679,89,6,2,42,61,35,42,11,19,2,2,46,61,16,48,15,29,2,4,10,10,31,77,77,138
29,2017-416-v306-y124,69,3,0,32,50,23,32,11,18,0,1,34,50,15,36,9,16,4,5,9,9,24,52,58,102
29,2017-416-v708-e687,76,1,1,34,53,26,34,10,19,8,8,36,53,13,30,12,18,4,8,8,8,25,48,61,101
29,2017-416-sl28-i165,91,4,2,26,52,22,26,15,26,2,3,37,52,11,39,18,30,3,5,9,9,29,69,66,121
29,2017-416-me82-dc58,90,1,0,30,49,23,30,10,19,1,2,33,49,7,27,24,37,5,9,8,9,31,64,64,113
29,2017-416-mj08-bd20,118,6,3,48,80,33,48,15,32,6,8,48,80,19,49,18,34,3,11,11,10,37,83,85,163
29,2017-416-bh09-o376,96,0,1,42,67,27,42,13,25,4,6,40,67,13,33,16,28,4,9,10,9,29,61,69,128
29,2017-416-a678-e873,63,9,0,33,45,31,33,7,12,1,1,38,45,11,27,11,25,3,4,9,8,22,52,60,97
29,2017-416-b884-a622,97,1,0,34,47,28,34,9,13,1,1,37,47,16,47,20,33,4,13,9,10,36,80,73,127
29,2017-416-a479-d801,71,12,0,34,58,27,34,15,24,1,2,42,58,12,41,12,25,3,9,11,11,24,66,66,124
29,2017-416-sl28-da81,59,10,1,27,43,23,27,10,16,2,2,33,43,8,24,14,19,4,6,8,7,22,43,55,86
29,2017-416-me82-ce25,155,6,1,65,106,38,65,21,41,9,15,59,106,23,62,18,31,7,17,16,16,41,93,100,199
29,2017-416-bd20-d923,71,1,2,24,51,21,24,16,27,1,2,37,51,16,36,11,21,4,8,9,8,27,57,64,108
29,2017-416-bh09-l797,71,6,3,28,50,20,28,15,22,4,5,35,50,11,27,19,30,5,8,8,9,30,57,65,107
29,2017-416-a678-v495,99,5,1,54,69,42,54,11,15,0,1,53,69,18,40,11,29,4,8,13,12,29,69,82,138
29,2017-416-a479-su87,139,3,1,58,91,40,58,21,33,10,13,61,91,20,62,16,33,3,7,15,15,36,95,97,186
29,2017-416-b884-g725,62,2,0,38,47,28,38,7,9,1,1,35,47,12,28,12,17,4,5,8,7,24,45,59,92
29,2017-416-dc58-ca99,105,5,1,43,72,31,43,19,29,2,4,50,72,15,39,13,40,2,3,13,13,28,79,78,151
29,2017-416-o376-k926,56,0,1,23,34,17,23,8,11,1,1,25,34,16,31,10,17,4,11,6,6,26,48,51,82
29,2017-416-i165-ph64,104,5,2,44,69,33,44,13,25,1,2,46,69,18,46,11,29,3,9,11,11,29,75,75,144
29,2017-416-e873-g983,74,3,3,32,59,22,32,17,27,2,4,39,59,10,32,12,14,4,5,10,9,22,46,61,105
29,2017-416-a622-e224,140,2,4,49,86,41,49,19,37,3,6,60,86,27,70,19,35,5,10,15,15,46,105,106,191
29,2017-416-d801-kc86,127,10,7,61,108,48,61,22,47,2,4,70,108,22,64,18,44,2,10,15,15,40,108,110,216
29,2017-416-mj08-h996,96,6,3,41,62,31,41,14,21,2,3,45,62,10,29,27,50,3,11,10,10,37,79,82,141
30,2017-322-z168-n552,137,3,1,61,95,43,61,16,34,4,7,59,95,23,51,17,45,4,8,14,14,40,96,99,191
30,2017-322-w367-z168,140,3,2,55,81,41,55,11,26,5,8,52,81,24,62,24,43,5,18,14,14,48,105,100,186
30,2017-322-w367-q927,110,8,4,47,86,38,47,20,39,3,5,58,86,12,44,20,40,4,6,15,15,32,84,90,170
30,2017-322-n552-a678,150,0,1,60,96,48,60,19,36,4,6,67,96,18,62,14,36,1,5,15,15,32,98,99,194
30,2017-322-kb54-sk94,118,4,1,46,83,34,46,15,37,2,6,49,83,21,60,18,35,5,12,13,14,39,95,88,178
30,2017-322-z168-j386,95,6,1,37,55,30,37,12,18,4,5,42,55,17,41,19,42,3,6,11,11,36,83,78,138
30,2017-322-w367-kb54,99,9,0,34,77,27,34,29,43,6,6,56,77,12,40,15,35,1,6,11,10,27,75,83,152
30,2017-322-w367-sc73,37,3,0,11,23,9,11,8,12,2,2,17,23,2,11,6,10,1,4,4,3,8,21,25,44
30,2017-322-n552-k926,82,6,1,38,60,31,38,13,22,2,2,44,60,17,46,7,16,2,8,10,9,24,62,68,122
30,2017-322-kb54-r772,89,5,4,44,75,28,44,20,31,2,3,48,75,11,28,14,26,4,6,10,9,25,54,73,129
30,2017-322-z168-i186,120,11,1,63,90,54,63,17,27,4,4,71,90,25,74,9,24,2,3,16,15,34,98,105,188
30,2017-322-q927-sf76,49,7,2,28,42,25,28,11,14,0,0,36,42,6,22,10,17,3,5,9,8,16,39,52,81
30,2017-322-a678-dc58,155,15,2,65,101,51,65,21,36,3,3,72,101,25,72,27,54,3,11,15,14,52,126,124,227
30,2017-322-j386-z184,51,5,1,22,38,20,22,12,16,0,0,32,38,10,29,8,12,4,5,8,8,18,41,50,79
30,2017-322-sk94-t742,63,0,1,36,48,21,36,4,12,4,7,25,48,9,20,7,10,3,4,6,5,16,30,41,78
30,2017-322-j386-r612,69,5,3,27,50,22,27,12,23,1,2,34,50,9,31,18,25,4,7,9,9,27,56,61,106
30,2017-322-q927-ae14,80,10,4,39,71,34,39,14,32,3,3,48,71,15,38,7,19,2,11,10,9,22,57,70,128
30,2017-322-a678-l503,118,11,1,47,74,39,47,17,27,3,3,56,74,14,49,15,35,1,4,12,12,29,84,85,158
30,2017-322-t742-h940,107,5,1,34,70,28,34,21,36,3,4,49,70,10,41,15,32,2,6,11,11,25,73,74,143
30,2017-322-dc58-e224,79,4,4,29,54,23,29,14,25,1,2,37,54,13,35,13,22,4,7,9,9,26,57,63,111
30,2017-322-k926-mj01,64,2,0,34,40,27,34,5,6,0,0,32,40,9,25,16,25,4,7,8,8,25,50,57,90
30,2017-322-sc73-sh90,120,7,3,54,95,32,54,22,41,9,12,54,95,25,54,12,25,4,8,11,11,37,79,91,174
30,2017-322-kb54-bd20,116,5,3,52,79,38,52,15,27,6,9,53,79,21,62,25,36,5,13,13,13,46,98,99,177
30,2017-322-sf76-r419,123,8,1,64,83,46,64,10,19,3,5,56,83,27,64,17,35,4,11,13,13,44,99,100,182
30,2017-322-sk94-sl28,137,10,0,65,93,43,65,15,28,1,4,58,93,15,52,28,54,4,9,15,16,43,106,101,199
30,2017-322-z184-l987,119,3,0,61,88,39,61,16,27,4,7,55,88,14,60,14,27,2,6,14,14,28,87,83,175
30,2017-322-z168-h756,133,7,2,75,114,55,75,19,39,9,11,74,114,17,68,18,36,3,7,16,17,35,104,109,218
30,2017-322-z168-pc68,152,10,0,79,111,58,79,16,32,4,6,74,111,19,61,29,58,4,13,17,16,48,119,122,230
30,2017-322-mj01-c582,70,4,2,32,52,24,32,11,20,3,4,35,52,11,32,15,19,4,4,9,8,26,51,61,103
30,2017-322-ae14-mi33,64,7,1,33,51,28,33,8,18,2,3,36,51,15,40,13,19,4,9,9,9,28,59,64,110
30,2017-322-sf76-sk94,173,4,3,88,132,61,88,20,44,5,9,81,132,24,72,15,37,4,7,18,18,39,109,120,241
30,2017-322-c582-f444,107,5,0,51,78,36,51,15,27,2,4,51,78,18,48,17,34,3,9,12,12,35,82,86,160
30,2017-322-z168-wb25,76,3,1,31,51,23,31,11,20,2,4,34,51,17,34,13,21,5,6,9,8,30,55,64,106
30,2017-322-mi33-bt64,64,3,1,35,59,28,35,11,24,6,7,39,59,8,24,14,26,4,6,9,9,22,50,61,109
30,2017-322-sk94-h896,122,2,4,57,94,35,57,20,37,4,8,55,94,28,63,12,27,4,8,14,13,40,90,95,184
30,2017-322-sf76-bk40,104,4,0,51,76,38,51,12,25,4,6,50,76,13,46,14,27,3,5,12,12,27,73,77,149
30,2017-322-mj01-r750,21,1,0,8,14,6,8,4,6,1,1,10,14,6,9,3,6,1,4,2,1,9,15,19,29
30,2017-322-pc68-g602,16,0,0,2,6,1,2,3,4,0,0,4,6,3,5,3,6,1,1,1,2,6,11,10,17
30,2017-322-ae14-w579,70,2,1,34,46,29,34,7,12,0,0,36,46,12,32,11,25,3,6,9,10,23,57,59,103
31,2017-7694-t786-bg23,108,14,6,42,81,31,42,20,39,8,10,51,81,22,56,19,31,5,15,12,12,41,87,92,168
31,2017-7694-t786-ba47,107,13,0,42,65,39,42,13,23,2,2,52,65,13,48,16,33,1,5,12,12,29,81,81,146
31,2017-7694-ba47-r975,113,9,0,54,86,42,54,18,32,3,4,60,86,8,45,13,28,1,2,12,12,21,73,81,159
31,2017-7694-r975-e698,93,4,7,29,76,24,29,27,47,3,3,51,76,7,32,15,29,2,8,10,9,22,61,73,137
31,2017-7694-t786-ke29,64,3,1,24,38,20,24,12,14,0,0,32,38,9,25,19,32,4,9,8,8,28,57,60,95
31,2017-7694-bg23-kc29,65,2,1,30,46,22,30,10,16,0,0,32,46,15,33,16,29,4,8,8,8,31,62,63,108
31,2017-7694-ba47-sd32,77,4,1,29,52,22,29,15,23,5,5,37,52,9,21,15,30,4,7,8,8,24,51,61,103
31,2017-7694-r975-i165,81,8,1,30,55,25,30,16,25,0,1,41,55,11,27,15,28,3,5,10,9,26,55,67,110
31,2017-7694-t786-b884,143,8,1,47,78,38,47,15,31,0,2,53,78,30,68,13,32,6,16,14,15,43,100,96,178
31,2017-7694-kc29-ke17,96,1,0,48,73,31,48,18,25,7,10,49,73,13,48,20,33,4,12,13,13,33,81,82,154
31,2017-7694-sd32-e831,163,2,4,72,115,47,72,22,43,8,11,69,115,20,66,17,37,4,10,15,16,37,103,106,218
31,2017-7694-ba47-ch27,83,5,1,36,59,27,36,11,23,1,4,38,59,13,39,18,22,5,7,11,10,31,61,69,120
31,2017-7694-bg23-sa93,77,2,2,49,71,32,49,12,22,5,6,44,71,10,34,8,17,3,6,10,10,18,51,62,122
31,2017-7694-ke29-tc61,94,5,3,37,63,29,37,18,26,4,5,47,63,19,47,17,32,3,7,10,10,36,79,83,142
31,2017-7694-e698-d683,113,6,2,42,83,28,42,23,41,7,9,51,83,20,51,13,25,3,8,11,11,33,76,84,159
31,2017-7694-sd32-mm58,137,4,2,59,104,48,59,24,45,7,8,72,104,16,57,26,49,4,9,16,16,42,106,114,210
31,2017-7694-d683-hb64,96,6,2,44,66,35,44,11,22,3,4,46,66,13,40,16,32,3,7,11,11,29,72,75,138
31,2017-7694-bg23-cg80,155,3,5,66,105,47,66,19,39,6,9,66,105,17,63,29,50,4,14,16,16,46,113,112,218
31,2017-7694-tc61-pd31,153,6,3,72,126,47,72,26,54,6,11,73,126,20,66,35,64,6,22,17,17,55,130,128,256
31,2017-7694-ch27-y124,61,8,1,31,38,30,31,3,7,1,1,33,38,20,40,8,18,4,6,8,9,28,58,61,96
31,2017-7694-b884-sl08,97,3,1,39,56,29,39,9,17,1,2,38,56,21,50,14,20,4,10,9,9,35,70,73,126
31,2017-7694-e831-mj08,111,4,3,41,74,31,41,15,33,3,6,46,74,21,52,13,27,4,11,13,12,34,79,80,153
31,2017-7694-e698-a829,119,7,2,46,77,34,46,15,31,0,3,49,77,23,57,15,31,4,10,13,13,38,88,87,165
31,2017-7694-ke29-o376,72,4,4,28,51,21,28,13,23,1,2,34,51,11,31,18,26,4,6,9,9,29,57,63,108
31,2017-7694-i165-kd46,69,10,0,39,48,34,39,7,9,0,0,41,48,6,26,13,25,2,4,10,9,19,51,60,99
31,2017-7694-kc29-ba65,67,1,1,39,52,29,39,6,13,0,2,35,52,4,20,21,34,4,5,10,10,25,54,60,106
31,2017-7694-sa93-d923,108,1,0,28,70,15,28,27,42,2,5,42,70,18,43,16,34,4,7,11,11,34,77,76,147
31,2017-7694-e831-sl08,90,1,2,40,68,32,40,13,28,6,7,45,68,17,41,11,22,3,10,10,9,28,63,73,131
31,2017-7694-ch27-hb64,83,4,4,50,68,40,50,7,18,3,4,47,68,7,37,13,20,3,4,11,11,20,57,67,125
31,2017-7694-kc29-pb22,73,1,1,38,53,30,38,10,15,2,3,40,53,21,42,9,17,4,8,10,9,30,59,70,112
31,2017-7694-e698-o376,110,2,2,37,62,26,37,16,25,1,3,42,62,20,50,13,28,4,12,11,12,33,78,75,140
31,2017-7694-e831-l908,91,6,2,32,63,24,32,20,31,5,6,44,63,19,46,13,26,3,9,11,10,32,72,76,135
31,2017-7694-ch27-l941,74,3,0,37,50,28,37,8,13,1,2,36,50,11,35,9,13,4,5,9,9,20,48,56,98
31,2017-7694-kc29-l950,77,2,0,38,54,25,38,8,16,2,4,33,54,11,37,18,25,5,11,9,10,29,62,62,116
31,2017-7694-o376-be68,118,5,2,63,88,43,63,14,25,2,5,57,88,31,78,10,20,5,12,15,15,41,98,98,186
31,2017-7694-e698-bt68,130,3,0,54,86,44,54,21,32,2,2,65,86,20,61,16,35,3,5,15,14,36,96,101,182
31,2017-7694-sl08-mp20,76,4,1,36,50,29,36,4,14,2,3,33,50,17,41,12,15,5,8,8,8,29,56,62,106
31,2017-7694-hb64-dh58,149,17,11,62,120,46,62,28,58,6,9,74,120,29,62,15,43,5,6,16,16,44,105,118,225
31,2017-7694-pb22-me56,108,8,1,57,81,40,57,15,24,6,8,55,81,18,55,19,40,3,7,14,14,37,95,92,176
32,2017-520-n409-w367,125,4,0,42,65,35,42,15,23,1,1,50,65,24,50,20,36,6,13,12,12,44,86,94,151
32,2017-520-w367-mc10,274,6,3,99,166,65,99,41,67,7,12,106,166,34,100,39,73,9,14,25,27,73,173,179,339
32,2017-520-n409-tb69,127,2,2,49,74,35,49,19,25,7,8,54,74,16,43,24,38,6,10,13,12,40,81,94,155
32,2017-520-mc10-n552,159,3,6,69,111,51,69,18,42,4,9,69,111,19,50,21,39,7,12,18,16,40,89,109,200
32,2017-520-w367-c977,100,3,2,48,77,31,48,23,29,2,3,54,77,14,33,20,35,6,9,13,12,34,68,88,145
32,2017-520-mc10-ke29,124,5,1,53,81,37,53,21,28,0,2,58,81,16,46,16,33,5,9,15,14,32,79,90,160
32,2017-520-tb69-d643,135,2,3,50,82,37,50,17,32,4,6,54,82,29,67,22,37,6,15,14,13,51,104,105,186
32,2017-520-n409-cd85,51,0,0,17,26,8,17,6,9,0,2,14,26,14,22,6,6,5,5,5,5,20,28,34,54
32,2017-520-d643-r772,147,3,0,61,99,44,61,18,38,5,8,62,99,30,64,19,35,7,10,14,14,49,99,111,198
32,2017-520-w367-mc65,163,3,1,79,127,55,79,27,48,11,13,82,127,14,58,20,32,5,7,16,16,34,90,116,217
32,2017-520-n409-bd06,111,4,2,42,68,29,42,19,26,3,4,48,68,28,58,12,18,7,18,12,11,40,76,88,144
32,2017-520-cd85-r975,257,10,0,153,206,101,153,27,53,12,18,128,206,34,124,31,52,7,17,29,29,65,176,193,382
32,2017-520-tb69-z184,100,4,5,38,66,35,38,13,28,2,3,48,66,24,49,16,24,7,12,12,11,40,73,88,139
32,2017-520-c977-a678,48,4,2,17,32,14,17,7,15,0,1,21,32,9,16,10,17,4,4,6,6,19,33,40,65
32,2017-520-n552-v306,154,4,2,59,112,37,59,25,53,8,13,62,112,29,77,20,32,7,17,16,16,49,109,111,221
32,2017-520-n409-bg23,90,3,0,29,53,22,29,19,24,3,3,41,53,29,48,12,17,8,16,10,9,41,65,82,118
32,2017-520-mc10-d683,173,5,3,58,102,40,58,27,44,7,9,67,102,23,66,28,42,6,17,15,15,51,108,118,210
32,2017-520-d643-sm37,199,7,1,80,114,62,80,19,34,3,7,81,114,35,92,37,61,8,21,22,22,72,153,153,267
32,2017-520-w367-f510,112,6,2,49,79,36,49,18,30,4,6,54,79,21,46,21,40,7,12,13,13,42,86,96,165
32,2017-520-tb69-j386,123,10,4,54,80,47,54,17,26,3,4,64,80,25,72,29,46,4,15,15,13,54,118,118,198
32,2017-520-c977-l397,107,8,5,38,82,26,38,27,44,5,7,53,82,19,43,20,27,7,12,13,12,39,70,92,152
32,2017-520-r975-g476,28,5,1,14,19,13,14,3,5,0,0,16,19,7,14,10,15,3,5,4,4,17,29,33,48
32,2017-520-n552-ch27,231,7,3,94,161,67,94,35,67,11,17,102,161,22,89,40,74,6,14,25,25,62,163,164,324
32,2017-520-cd85-d875,138,0,3,62,97,43,62,21,35,6,8,64,97,17,55,27,48,5,11,16,15,44,103,108,200
32,2017-520-z184-gb88,57,0,1,21,36,15,21,7,15,2,3,22,36,1,15,9,17,0,2,5,4,10,32,32,68
32,2017-520-mc65-g628,144,4,3,65,92,50,65,15,27,0,2,65,92,25,72,17,42,2,11,15,16,42,114,107,206
32,2017-520-r772-pf39,222,2,6,94,151,59,94,34,57,11,15,93,151,27,89,40,67,8,19,22,22,67,156,160,307
32,2017-520-ke29-i186,180,8,8,71,147,64,71,47,76,4,4,111,147,20,91,20,47,1,6,23,22,40,138,151,285
32,2017-520-bd06-v708,123,4,4,54,89,35,54,22,35,2,4,57,89,16,43,21,37,6,15,14,14,37,80,94,169
32,2017-520-v306-c882,93,2,5,48,72,36,48,13,24,6,8,49,72,20,38,25,37,8,14,12,12,45,75,94,147
32,2017-520-a678-e831,239,24,2,105,161,82,105,35,56,1,2,117,161,23,92,34,75,3,15,27,26,57,167,174,328
32,2017-520-mc10-k966,215,9,4,62,125,49,62,39,63,5,7,88,125,28,76,28,61,6,14,20,20,56,137,144,262
32,2017-520-d643-sh90,127,2,1,51,88,41,51,18,37,4,5,59,88,18,46,22,37,6,14,13,13,40,83,99,171
32,2017-520-n409-h756,109,4,1,46,66,35,46,17,20,0,0,52,66,19,51,15,29,5,10,13,13,34,80,86,146
32,2017-520-w367-d801,154,16,5,70,116,52,70,28,46,5,7,80,116,20,71,20,39,4,9,17,17,40,110,120,226
32,2017-520-r975-sc73,143,25,5,76,105,58,76,18,29,4,6,76,105,27,78,24,48,5,20,19,18,51,126,127,231
32,2017-520-tb69-ba98,143,8,7,40,86,33,40,27,46,4,5,60,86,44,102,17,26,6,30,14,14,61,128,121,214
32,2017-520-c977-k776,98,11,5,44,72,42,44,14,28,1,1,56,72,20,57,18,26,5,10,13,12,38,83,94,155
32,2017-520-n552-ca12,117,5,5,50,85,42,50,15,35,6,9,57,85,25,55,15,29,7,9,14,13,40,84,97,169
32,2017-520-gb88-sc77,154,6,1,61,97,50,61,24,36,4,5,74,97,29,83,28,51,4,16,18,18,57,134,131,231
32,2017-520-d875-r419,133,4,4,65,95,56,65,14,30,1,1,70,95,22,61,11,29,3,9,16,15,33,90,103,185
32,2017-520-ke29-ba47,133,12,2,43,92,38,43,29,49,0,0,67,92,18,57,17,43,3,10,16,16,35,100,102,192
32,2017-520-mc65-mj08,91,6,0,53,67,37,53,7,14,2,4,44,67,22,40,16,23,8,12,12,12,38,63,82,130
32,2017-520-pf39-bd20,128,5,7,67,102,48,67,16,35,4,6,64,102,18,48,23,38,6,10,14,13,41,86,105,188
32,2017-520-bd06-k926,175,3,1,75,126,54,75,26,51,9,14,80,126,39,99,15,31,6,10,20,19,54,130,134,256
32,2017-520-a678-ke17,156,21,8,65,112,56,65,20,47,6,8,76,112,29,85,21,37,6,13,19,18,50,122,126,234
32,2017-520-r772-bm95,84,8,1,38,57,30,38,14,19,0,0,44,57,19,38,19,30,7,14,11,11,38,68,82,125
32,2017-520-cd85-da81,161,15,2,80,125,53,80,27,45,5,8,80,125,28,81,28,45,7,21,19,19,56,126,136,251
32,2017-520-i186-l503,130,21,1,73,103,62,73,20,30,2,2,82,103,11,53,11,37,1,3,17,16,22,90,104,193
32,2017-520-c882-kc29,120,2,3,54,92,37,54,20,38,5,8,57,92,18,52,14,28,6,13,15,15,32,80,89,172
32,2017-520-z184-k336,133,8,2,69,96,64,69,17,27,0,0,81,96,10,64,18,38,1,3,17,16,28,102,109,198
32,2017-520-g628-e224,104,5,2,40,71,35,40,17,31,4,4,52,71,24,55,19,27,6,11,12,11,43,82,95,153
32,2017-520-j386-cg80,233,12,6,75,137,61,75,32,62,3,5,93,137,28,90,29,70,3,15,20,21,57,160,150,297
32,2017-520-f510-sa93,140,5,7,57,102,40,57,22,45,6,9,62,102,19,46,29,57,6,18,16,15,48,103,110,205
32,2017-520-d683-a479,90,6,2,38,59,30,38,10,21,1,2,40,59,8,35,6,16,1,1,10,10,14,51,54,110
32,2017-520-bg23-t840,158,2,0,91,123,67,91,16,32,3,7,83,123,17,70,36,65,4,14,18,18,53,135,136,258
32,2017-520-l397-f401,232,11,6,102,171,75,102,29,69,12,19,104,171,31,103,38,71,8,24,26,27,69,174,173,345
32,2017-520-ch27-i165,111,3,2,43,73,36,43,18,30,1,2,54,73,24,51,17,31,7,14,13,13,41,82,95,155
32,2017-520-e831-o376,122,1,3,49,80,38,49,17,31,3,5,55,80,21,57,22,35,7,10,14,14,43,92,98,172
32,2017-520-sm37-n679,128,2,4,69,109,51,69,18,40,9,11,69,109,19,51,21,35,6,18,15,14,40,86,109,195
32,2017-520-g476-ta29,147,7,8,40,94,29,40,28,54,2,7,57,94,29,75,36,57,8,15,17,17,65,132,122,226
32,2017-520-v306-h996,209,5,3,105,145,75,105,24,40,11,14,99,145,30,90,29,65,5,11,23,23,59,155,158,300
32,2017-520-v708-bh09,172,13,8,75,132,59,75,30,57,12,13,89,132,14,54,26,55,4,8,19,18,40,109,129,241
32,2017-520-mc10-kb54,152,2,2,57,98,41,57,22,41,3,7,63,98,23,52,32,50,9,10,17,17,55,102,118,200
32,2017-520-d643-g710,147,5,1,58,87,36,58,18,29,6,10,54,87,23,56,30,46,8,20,14,13,53,102,107,189
32,2017-520-n409-pd31,112,1,2,42,66,28,42,17,24,2,4,45,66,20,40,26,42,8,18,12,12,46,82,91,148
32,2017-520-r975-d632,92,15,5,43,70,38,43,19,27,2,2,57,70,18,51,11,20,4,6,14,13,29,71,86,141
32,2017-520-w367-kc04,117,2,1,50,98,35,50,33,48,6,7,68,98,14,42,24,50,4,11,15,14,38,92,106,190
32,2017-520-tb69-ta46,80,11,1,33,60,29,33,19,27,0,0,48,60,19,49,21,31,6,9,12,12,40,80,88,140
32,2017-520-n552-kd46,182,3,6,70,120,54,70,25,50,9,11,79,120,25,75,34,62,5,14,19,18,59,137,138,257
32,2017-520-c977-g858,101,8,5,39,75,36,39,22,36,0,0,58,75,15,46,17,35,4,5,14,13,32,81,90,156
32,2017-520-v306-z355,173,0,5,89,128,53,89,20,39,7,12,73,128,34,84,25,43,8,20,18,19,59,127,132,255
32,2017-520-gb88-m850,110,12,2,42,73,35,42,21,31,1,1,56,73,22,51,20,34,6,18,12,12,42,85,98,158
32,2017-520-d875-r612,109,8,4,45,84,37,45,20,39,8,10,57,84,14,37,22,36,6,6,14,13,36,73,93,157
32,2017-520-o376-t786,211,0,3,110,162,73,110,26,52,6,10,99,162,35,107,30,57,7,23,22,22,65,164,164,326
32,2017-520-ba47-sl28,152,5,3,62,104,47,62,21,42,3,6,68,104,17,55,43,72,8,23,17,17,60,127,128,231
32,2017-520-v708-sm25,161,7,2,58,103,40,58,28,45,9,11,68,103,23,74,29,44,6,16,16,17,52,118,120,221
32,2017-520-mc65-ba65,90,2,3,62,86,46,62,13,24,3,4,59,86,16,40,27,50,6,10,14,14,43,90,102,176
32,2017-520-bd06-mh30,134,3,3,52,91,29,52,27,39,5,9,56,91,24,47,22,44,7,14,15,14,46,91,102,182
32,2017-520-ke17-k435,111,20,4,68,97,55,68,16,29,3,3,71,97,9,48,18,37,2,3,16,14,27,85,98,182
32,2017-520-pf39-b747,201,17,7,67,151,57,67,51,84,3,6,108,151,20,91,22,55,3,10,25,25,42,146,150,297
32,2017-520-r772-ca99,186,4,2,66,109,49,66,27,43,4,6,76,109,20,68,41,66,7,19,19,18,61,134,137,243
32,2017-520-c882-hb35,123,7,4,57,96,45,57,22,39,6,6,67,96,22,65,22,38,4,9,14,13,44,103,111,199
32,2017-520-i186-tc61,157,31,3,86,129,68,86,22,43,6,8,90,129,23,78,16,39,3,3,21,19,39,117,129,246
32,2017-520-cd85-mb02,96,9,3,42,75,34,42,19,33,6,7,53,75,21,55,27,44,6,13,13,13,48,99,101,174
32,2017-520-k336-te51,134,10,3,63,93,53,63,19,30,3,4,72,93,12,59,30,57,3,7,17,17,42,116,114,209
32,2017-520-g628-d981,130,7,2,50,97,38,50,25,47,4,7,63,97,18,53,29,45,7,13,17,16,47,98,110,195
32,2017-520-g476-ma30,207,17,4,65,119,57,65,35,54,3,3,92,119,22,83,35,65,4,21,20,20,57,148,149,267
32,2017-520-j386-se73,214,13,9,82,155,61,82,39,73,3,6,100,155,36,104,32,65,8,17,25,26,68,169,168,324
32,2017-520-ch27-q927,135,6,6,60,104,47,60,25,44,7,10,72,104,11,58,39,62,6,8,18,19,50,120,122,224
32,2017-520-d683-pc11,109,13,2,48,67,39,48,13,19,0,0,52,67,23,55,17,33,5,15,13,12,40,88,92,155
32,2017-520-f401-y124,267,13,8,108,178,86,108,40,70,10,15,126,178,46,130,42,88,7,21,32,32,88,218,214,396
32,2017-520-f510-td51,165,3,14,82,130,61,82,16,48,6,11,77,130,20,68,28,52,6,12,21,20,48,120,125,250
32,2017-520-bg23-sd32,145,0,4,77,104,45,77,12,27,4,10,57,104,19,45,35,60,9,23,16,16,54,105,111,209
32,2017-520-a678-j267,155,13,4,66,98,53,66,18,32,2,3,71,98,22,71,28,57,3,14,16,17,50,128,121,226
32,2017-520-n679-z168,162,6,5,65,110,46,65,26,45,4,8,72,110,31,86,25,38,8,19,19,19,56,124,128,234
32,2017-520-a479-b837,195,16,6,72,133,59,72,35,61,5,7,94,133,31,92,30,64,5,12,21,22,61,156,155,289
32,2017-520-bh09-h940,119,12,0,36,81,30,36,31,45,1,3,61,81,16,45,25,46,7,9,16,16,41,91,102,172
32,2017-520-ba98-m873,107,4,0,58,74,42,58,13,16,2,3,55,74,16,48,23,37,6,15,13,13,39,85,94,159
32,2017-520-bd20-l987,178,9,10,86,129,65,86,18,43,8,13,83,129,35,92,27,53,7,19,21,21,62,145,145,274
32,2017-520-bm95-mm58,147,4,4,67,120,49,67,25,53,11,14,74,120,18,61,31,55,6,18,17,16,49,116,123,236
32,2017-520-ca12-a829,129,11,2,59,96,48,59,21,37,2,2,69,96,22,61,14,35,3,8,15,15,36,96,105,192
32,2017-520-da81-j397,144,8,0,64,91,48,64,17,27,4,5,65,91,21,68,22,34,4,10,15,15,43,102,108,193
32,2017-520-cg80-bk19,147,4,1,58,98,45,58,27,40,4,4,72,98,16,52,18,39,3,6,15,14,34,91,106,189
32,2017-520-d801-b884,130,4,2,57,98,48,57,22,41,4,4,70,98,17,50,8,33,3,5,16,15,25,83,95,181
32,2017-520-sc73-y061,251,11,7,80,151,55,80,37,71,4,10,92,151,42,116,44,87,5,18,25,25,86,203,178,354
32,2017-520-e224-g681,260,9,7,142,192,93,142,28,50,17,21,121,192,31,99,30,69,5,18,25,24,61,168,182,360
32,2017-520-h756-dh58,96,7,2,43,76,34,43,19,33,1,1,53,76,19,48,17,28,6,11,12,12,36,76,89,152
32,2017-520-e831-e698,106,3,3,48,81,39,48,18,33,1,3,57,81,11,42,22,33,6,10,15,14,33,75,90,156
32,2017-520-h996-dc58,131,9,8,54,99,44,54,26,45,3,4,70,99,6,43,27,54,3,8,16,16,33,97,103,196
32,2017-520-i165-e873,118,11,1,56,94,45,56,27,38,6,6,72,94,13,48,18,44,2,5,16,15,31,92,103,186
32,2017-520-kc29-d923,133,0,1,71,104,48,71,19,33,2,5,67,104,22,63,22,48,5,13,18,18,44,111,111,215
32,2017-520-ke29-j551,165,9,3,65,122,48,65,31,57,4,6,79,122,34,95,26,51,5,12,18,20,60,146,139,268
32,2017-520-k966-lc12,219,4,11,87,165,58,87,37,78,6,13,95,165,15,69,37,69,5,11,24,23,52,138,147,303
32,2017-520-k776-d874,145,7,4,74,115,60,74,20,41,5,5,80,115,15,54,14,43,2,8,16,15,29,97,109,212
32,2017-520-k926-sl08,107,2,0,73,86,53,73,9,13,3,3,62,86,11,40,20,30,5,10,13,12,31,70,93,156
32,2017-520-l397-f811,121,14,2,55,92,46,55,24,37,5,6,70,92,18,54,14,38,3,4,16,15,32,92,102,184
32,2017-520-l503-be90,107,8,2,49,79,37,49,19,30,4,4,56,79,28,54,16,33,6,13,12,12,44,87,100,166
32,2017-520-mj08-mp20,223,5,8,93,155,67,93,31,62,9,16,98,155,30,94,37,68,7,20,24,24,67,162,165,317
32,2017-520-r419-e687,147,6,2,65,100,44,65,22,35,2,7,66,100,21,65,33,47,9,13,19,19,54,112,120,212
32,2017-520-sm37-re44,210,3,4,102,149,67,102,23,47,5,12,90,149,29,84,35,79,8,18,26,26,64,163,154,312
32,2017-520-sa93-g725,131,11,3,57,95,44,57,19,38,4,8,63,95,20,58,36,49,9,16,17,16,56,107,119,202
32,2017-520-sc77-l575,127,16,3,53,92,47,53,23,39,0,0,70,92,17,60,16,39,2,7,16,15,33,99,103,191
32,2017-520-sh90-t742,188,6,5,79,137,54,79,27,58,8,12,81,137,27,70,34,64,7,14,19,19,61,134,142,271
32,2017-520-ta29-hb64,234,3,10,102,175,69,102,41,73,4,10,110,175,19,92,54,91,7,15,26,27,73,183,183,358
32,2017-520-t840-d864,137,6,4,72,129,56,72,27,57,20,21,83,129,11,39,22,42,5,6,14,14,33,81,116,210
32,2017-520-z184-me82,132,4,1,56,91,39,56,18,35,4,8,57,91,25,54,15,29,7,8,16,15,40,83,97,174
32,2017-520-ca99-g967,155,4,3,75,123,54,75,26,48,3,5,80,123,15,61,27,52,3,11,17,17,42,113,122,236
32,2017-520-kc04-gb93,109,2,4,50,86,29,50,19,36,3,8,48,86,14,42,23,43,5,11,13,13,37,85,85,171
32,2017-520-da81-re44,178,0,4,69,116,38,69,27,47,4,10,65,116,20,69,31,49,7,14,18,18,51,118,116,234
32,2017-520-ba98-cf01,79,2,0,44,53,35,44,6,9,2,2,41,53,18,50,9,19,2,7,10,10,27,69,68,122
32,2017-520-g725-a887,76,3,1,22,52,17,22,20,30,0,0,37,52,7,23,9,17,3,5,9,8,16,40,53,92
32,2017-520-f811-mi43,158,9,3,86,128,58,86,23,42,11,15,81,128,23,62,15,46,3,8,18,18,38,108,119,236
32,2017-520-pc11-j620,146,0,1,70,88,47,70,13,18,3,4,60,88,31,74,18,37,5,16,14,14,49,111,109,199
32,2017-520-m850-kb09,95,2,2,42,70,30,42,17,28,5,6,47,70,12,34,18,37,3,7,10,9,30,71,77,141
32,2017-520-sc77-sk67,138,4,1,54,97,37,54,23,43,3,7,60,97,16,51,27,48,4,8,15,14,43,99,103,196
32,2017-520-d981-mn20,86,5,0,27,52,21,27,13,25,1,3,34,52,24,55,16,25,5,13,9,10,40,80,74,132
32,2017-520-g681-s483,131,6,6,55,96,39,55,21,41,2,6,60,96,28,79,20,26,5,10,15,15,48,105,108,201
32,2017-520-hb35-q941,66,0,1,46,65,29,46,10,19,3,5,39,65,17,28,9,16,6,8,9,9,26,44,65,109
32,2017-520-j551-o522,109,13,4,67,92,55,67,12,25,2,3,67,92,10,55,18,43,1,6,15,15,28,98,95,190
32,2017-520-n679-bk92,134,2,4,63,112,38,63,26,49,7,11,64,112,19,59,33,50,7,11,15,15,52,109,116,221
32,2017-520-ta29-da67,111,3,5,54,91,35,54,21,37,2,4,56,91,22,66,17,27,3,12,12,12,39,93,95,184
32,2017-520-te51-o449,71,0,2,35,66,26,35,15,31,4,6,41,66,14,29,13,19,5,10,9,8,27,48,68,114
32,2017-520-ca99-i305,73,6,1,38,55,29,38,9,17,3,3,38,55,10,28,13,21,4,5,8,8,23,49,61,104
32,2017-520-da81-ph42,77,5,3,27,50,18,27,10,23,1,4,28,50,21,40,16,21,7,11,8,9,37,61,65,111
32,2017-520-gb93-u134,86,8,0,45,61,38,45,12,16,0,0,50,61,14,46,18,36,1,9,11,10,32,82,82,143
32,2017-520-cf01-ce25,70,1,1,40,55,26,40,12,15,3,3,38,55,16,28,8,15,4,5,8,7,24,43,62,98
32,2017-520-g725-i236,63,2,1,27,47,24,27,13,20,0,0,37,47,7,27,14,25,3,7,9,9,21,52,58,99
32,2017-520-da67-g983,144,4,3,73,107,52,73,19,34,4,6,71,107,21,63,10,29,2,3,15,15,31,92,102,199
32,2017-520-pc11-pg94,149,5,1,73,106,44,73,18,33,4,8,62,106,31,81,19,24,6,9,16,15,50,105,112,211
32,2017-520-mi43-me31,63,4,1,31,50,21,31,13,19,7,8,34,50,13,27,12,16,5,7,8,7,25,43,59,93
32,2017-520-m850-g892,87,4,2,39,59,27,39,11,20,1,3,38,59,22,43,7,11,5,9,10,9,29,54,67,113
32,2017-520-hb35-k834,126,4,6,54,99,39,54,22,45,12,14,61,99,22,63,11,19,3,7,12,12,33,82,94,181
32,2017-520-re44-be67,119,6,3,44,88,30,44,29,44,3,5,59,88,17,50,25,49,4,7,15,15,42,99,101,187
32,2017-520-j620-rh16,103,2,5,48,74,38,48,13,26,7,8,51,74,20,46,7,26,2,4,11,11,27,72,78,146
32,2017-520-kc04-v495,75,3,0,37,51,25,37,10,14,0,2,35,51,8,30,17,27,4,9,10,10,25,57,60,108
32,2017-520-sc77-ke64,138,9,4,68,100,52,68,11,32,4,8,63,100,19,52,24,48,6,10,16,16,43,100,106,200
32,2017-520-a887-sf62,86,4,1,48,70,35,48,8,22,1,4,43,70,8,34,16,28,4,7,12,11,24,62,67,132
32,2017-520-ba98-mn13,101,0,0,50,70,34,50,9,20,3,7,43,70,19,51,11,23,4,6,13,13,30,74,73,144
32,2017-520-o449-db63,166,4,1,85,135,53,85,19,50,16,23,72,135,25,61,31,56,6,19,16,16,56,117,128,252
32,2017-520-bk92-pb22,110,12,10,58,95,42,58,18,37,9,13,60,95,12,59,26,41,3,12,15,15,38,100,98,195
32,2017-520-d981-g585,127,5,5,47,92,35,47,22,45,2,5,57,92,20,61,18,29,4,11,14,13,38,90,95,182
32,2017-520-g967-da86,81,10,1,39,66,33,39,17,27,0,1,50,66,10,44,13,20,2,3,11,10,23,64,73,130
32,2017-520-g681-mk66,123,1,4,60,91,38,60,18,31,2,6,56,91,20,53,17,31,6,13,15,15,37,84,93,175
32,2017-520-f811-ka98,89,1,0,41,73,32,41,22,32,1,1,54,73,6,31,18,43,1,7,11,11,24,74,78,147
32,2017-520-j551-pg20,73,5,1,35,56,28,35,14,21,1,1,42,56,14,40,8,21,2,5,10,9,22,61,64,117
32,2017-520-kb09-o408,76,0,2,37,58,26,37,8,21,1,4,34,58,13,33,20,31,6,13,9,10,33,64,67,122
32,2017-520-mn20-kb05,64,1,2,40,48,31,40,2,8,0,1,33,48,18,42,6,11,4,7,9,9,24,53,57,101
32,2017-520-n679-f724,137,4,2,70,110,53,70,18,40,3,6,71,110,22,57,17,38,5,10,16,15,39,95,110,205
32,2017-520-o522-md56,127,13,5,67,103,49,67,20,36,4,7,69,103,17,61,11,30,3,4,17,16,28,91,97,194
32,2017-520-q941-n674,80,8,2,35,59,29,35,19,24,0,0,48,59,18,52,9,19,1,4,11,10,27,71,75,130
32,2017-520-s483-d916,84,3,3,60,71,39,60,5,11,3,6,44,71,24,48,14,28,5,15,11,10,38,76,82,147
32,2017-520-ta29-k839,78,6,1,38,58,30,38,14,20,3,3,44,58,11,36,15,30,2,6,10,9,26,66,70,124
32,2017-520-sk67-y218,126,2,3,37,79,27,37,20,42,3,8,47,79,17,51,27,44,6,11,14,15,44,95,91,174
32,2017-520-te51-sj22,71,3,1,28,54,22,28,17,26,5,5,39,54,18,41,5,13,3,3,9,9,23,54,62,108
32,2017-520-mn20-pg32,107,1,3,62,97,44,62,13,35,10,14,57,97,13,40,18,39,4,16,14,13,31,79,88,176
32,2017-520-ca99-su55,83,2,1,37,61,30,37,13,24,1,3,43,61,16,34,17,35,6,10,12,12,33,69,76,130
32,2017-520-j551-bf23,23,8,0,13,20,12,13,4,7,0,0,16,20,2,7,5,10,1,1,4,3,7,17,23,37
32,2017-520-da81-mi01,85,0,4,30,57,19,30,16,27,4,7,35,57,16,29,22,35,6,12,9,9,38,64,73,121
32,2017-520-gb93-j380,70,7,0,45,63,35,45,10,18,2,2,45,63,7,34,11,20,2,2,10,10,18,54,63,117
32,2017-520-n674-l949,59,5,3,26,54,24,26,15,28,1,1,39,54,10,26,12,28,3,7,9,8,22,54,61,108
32,2017-520-cf01-bh76,84,1,3,42,61,24,42,10,19,5,8,34,61,21,47,14,22,5,12,10,10,35,69,69,130
32,2017-520-te51-f586,112,5,2,39,73,26,39,16,34,2,6,42,73,22,49,24,37,7,15,12,13,46,86,88,159
32,2017-520-g725-z189,60,4,1,25,48,21,25,16,23,0,0,37,48,9,25,17,33,3,10,9,8,26,58,63,106
32,2017-520-g983-hb48,106,1,1,42,52,30,42,6,10,1,3,36,52,25,68,22,29,5,19,10,11,47,97,83,149
32,2017-520-y218-mf35,122,0,4,51,82,33,51,16,31,4,8,49,82,17,50,20,39,5,9,14,14,37,89,86,171
32,2017-520-d916-l797,75,0,1,36,53,28,36,11,17,2,2,39,53,16,40,12,23,3,6,9,9,28,63,67,116
32,2017-520-pc11-rb56,66,1,1,26,41,23,26,9,15,0,0,32,41,15,31,11,18,4,10,8,7,26,49,58,90
32,2017-520-f724-kc86,60,2,1,32,47,27,32,11,15,0,0,38,47,14,32,7,20,3,7,9,9,21,52,59,99
32,2017-520-mi43-lb66,66,1,2,22,50,15,22,17,28,1,3,32,50,13,30,19,26,6,9,8,8,32,56,64,106
32,2017-520-m850-i230,134,5,6,53,83,45,53,12,30,2,3,57,83,14,55,33,50,5,18,14,14,47,105,104,188
32,2017-520-k834-lc11,169,5,5,91,125,64,91,13,34,7,11,77,125,29,79,20,37,6,16,17,17,49,116,126,241
32,2017-520-rh16-ra82,66,2,5,34,57,27,34,11,23,3,4,38,57,16,34,10,16,4,11,9,8,26,50,64,107
32,2017-520-v495-c582,77,9,7,24,56,20,24,16,32,1,2,36,56,14,31,17,27,5,11,8,8,31,58,67,114
32,2017-520-re44-v620,60,4,0,21,44,17,21,17,23,2,2,34,44,6,27,20,28,4,9,8,8,26,55,60,99
32,2017-520-sc77-d750,125,6,2,53,88,38,53,18,35,5,9,56,88,26,72,10,26,4,7,15,16,36,98,92,186
32,2017-520-a887-bc72,88,3,2,38,70,30,38,14,32,7,8,44,70,14,35,14,20,4,12,9,8,28,55,72,125
32,2017-520-mn13-k964,69,2,1,28,54,22,28,15,26,3,3,37,54,9,28,14,21,4,5,8,8,23,49,60,103
32,2017-520-ta29-be54,125,4,5,55,96,43,55,20,41,4,6,63,96,13,44,25,43,5,10,15,14,38,87,101,183
32,2017-520-pb22-bf55,113,6,1,57,96,40,57,21,39,6,8,61,96,18,52,10,26,2,2,12,12,28,78,89,174
32,2017-520-o408-le01,82,1,0,36,52,22,36,8,16,5,8,30,52,22,40,17,28,7,12,8,9,39,68,69,120
32,2017-520-g681-cf59,146,5,2,44,86,33,44,20,42,4,8,53,86,27,60,12,31,5,10,14,14,39,91,92,177
32,2017-520-db63-b896,102,4,4,51,83,36,51,17,32,4,7,53,83,11,36,22,39,4,9,13,12,33,75,86,158
32,2017-520-d981-la93,78,6,0,36,54,25,36,13,18,0,1,38,54,9,36,24,30,4,7,9,9,33,66,71,120
32,2017-520-md56-sg64,64,5,3,29,47,21,29,10,18,0,1,31,47,17,34,10,15,5,11,8,7,27,49,58,96
32,2017-520-g967-ta12,143,12,10,60,131,45,60,35,71,10,13,80,131,19,56,26,57,5,11,16,16,45,113,125,244
32,2017-520-f811-e690,63,2,1,30,44,25,30,9,14,2,2,34,44,22,51,17,26,4,13,8,8,39,77,73,121
32,2017-520-be67-ra51,81,3,2,42,71,30,42,19,29,6,7,49,71,10,37,16,26,2,4,11,10,26,63,75,134
32,2017-520-ce25-ca33,91,0,2,39,64,29,39,12,25,2,4,41,64,10,32,21,38,4,8,11,11,31,70,72,134
32,2017-520-bk92-sk47,115,12,6,66,94,54,66,9,28,5,6,63,94,23,59,22,43,5,9,14,14,45,102,108,196
32,2017-520-ba98-gd64,145,4,2,73,107,56,73,18,34,4,8,74,107,16,61,16,42,3,5,17,17,32,103,106,210
32,2017-520-da86-c813,109,10,1,49,69,37,49,12,20,0,1,49,69,13,51,20,32,2,6,12,12,33,83,82,152
32,2017-520-da67-e678,83,1,1,49,69,31,49,13,20,6,7,44,69,10,32,18,30,3,7,10,9,28,62,72,131
32,2017-520-hb35-mb53,83,3,1,30,53,23,30,12,23,1,3,35,53,15,37,18,27,5,13,10,10,33,64,68,117
32,2017-520-g585-a853,75,1,0,33,47,26,33,8,14,0,1,34,47,19,39,10,22,5,9,9,10,29,61,63,108
32,2017-520-g892-mf90,183,7,2,92,145,63,92,20,53,7,12,83,145,20,66,21,43,4,7,17,17,41,109,124,254
32,2017-520-i236-w571,62,8,0,29,38,19,29,6,9,3,4,25,38,17,29,14,23,6,9,7,8,31,52,56,90
32,2017-520-j620-bu54,104,5,2,50,82,35,50,13,32,7,9,48,82,8,31,20,29,4,9,10,9,28,60,76,142
32,2017-520-i305-cg33,64,1,4,26,46,20,26,9,20,1,3,29,46,12,22,14,20,6,9,8,8,26,42,55,88
32,2017-520-k839-r548,101,0,2,64,91,44,64,15,27,6,9,59,91,10,46,11,26,3,4,15,14,21,72,80,163
32,2017-520-ka98-sj55,68,2,2,28,49,23,28,15,21,1,1,38,49,21,50,4,8,3,13,9,8,25,58,63,107
32,2017-520-kc04-sf36,41,1,0,16,27,10,16,8,11,0,1,18,27,3,13,11,19,2,6,5,5,14,32,32,59
32,2017-520-ke64-mw02,147,1,3,51,86,27,51,18,35,6,13,45,86,32,70,18,31,7,14,15,15,50,101,95,187
32,2017-520-kb05-g940,122,3,1,53,84,37,53,19,31,7,10,56,84,15,53,28,51,4,7,14,15,43,104,99,188
32,2017-520-kb09-sn77,56,1,1,23,42,21,23,13,19,1,1,34,42,10,29,15,25,4,8,8,9,25,54,59,96
32,2017-520-me31-z246,96,2,3,31,56,23,31,13,25,0,2,36,56,12,29,20,40,4,9,10,9,32,69,68,125
32,2017-520-mk66-sq80,71,0,2,47,63,27,47,10,16,6,8,37,63,12,26,19,29,6,10,8,9,31,55,68,118
32,2017-520-n679-ga79,84,5,0,39,65,26,39,17,26,3,4,43,65,11,33,15,26,3,6,10,10,26,59,69,124
32,2017-520-o522-m915,129,14,3,55,97,44,55,23,42,2,3,67,97,15,63,12,32,1,3,16,16,27,95,94,192
32,2017-520-o449-kc12,62,4,3,30,46,24,30,10,16,4,4,34,46,12,20,10,20,4,7,8,7,22,40,56,86
32,2017-520-ph42-bk24,144,5,6,66,122,47,66,29,56,11,14,76,122,17,56,20,45,4,9,17,16,37,101,113,223
32,2017-520-pg94-mp01,126,2,0,54,83,33,54,19,29,6,10,52,83,13,49,25,37,5,8,13,14,38,86,90,169
32,2017-520-pg20-r383,70,1,2,23,49,17,23,15,26,2,4,32,49,16,33,14,21,5,10,9,9,30,54,62,103
32,2017-520-q941-sf41,134,10,2,68,107,46,68,22,39,12,14,68,107,17,64,18,33,3,5,15,15,35,97,103,204
32,2017-520-sj22-gb53,171,8,1,68,114,48,68,31,46,3,4,79,114,17,64,26,55,2,7,17,17,43,119,122,233
32,2017-520-sk67-r685,115,10,2,46,92,33,46,30,46,7,8,63,92,17,61,14,32,2,11,14,15,31,93,94,185
32,2017-520-sf62-mg47,52,5,2,21,40,18,21,11,19,1,1,29,40,12,26,14,19,5,7,7,7,26,45,55,85
32,2017-520-s483-w630,57,1,1,37,51,25,37,11,14,5,5,36,51,13,31,9,17,4,5,8,9,22,48,58,99
32,2017-520-u134-g676,91,4,1,47,66,31,47,8,19,1,4,39,66,26,55,15,27,4,8,11,11,41,82,80,148
33,2017-440-ma30-k336,93,22,1,49,65,46,49,12,16,0,0,58,65,12,51,8,27,0,0,12,12,20,78,78,143
33,2017-440-k336-c977,164,29,6,98,133,74,98,18,35,7,8,92,133,10,73,17,33,0,2,18,18,27,106,119,239
33,2017-440-c977-pd07,77,9,3,39,57,33,39,8,18,0,1,41,57,10,35,12,20,3,4,11,10,22,55,63,112
33,2017-440-ma30-z355,85,5,6,42,61,35,42,10,19,0,0,45,61,15,47,11,21,2,8,10,10,26,68,71,129
33,2017-440-z355-b747,56,13,1,32,43,28,32,5,11,0,0,33,43,13,33,12,20,4,6,8,8,25,53,58,96
33,2017-440-k336-mm58,58,7,1,32,49,28,32,12,17,0,0,40,49,15,43,9,20,2,3,10,10,24,63,64,112
33,2017-440-ma30-bh09,103,8,3,56,78,45,56,9,22,4,6,54,78,12,49,19,35,3,11,14,14,31,84,85,162
33,2017-440-c977-t742,118,17,2,51,80,43,51,21,29,0,0,64,80,18,62,14,31,3,7,15,15,32,93,96,173
33,2017-440-z355-me82,54,10,2,40,49,31,40,2,9,3,4,33,49,11,26,12,18,5,5,8,9,23,44,56,93
33,2017-440-k336-ke64,56,9,1,31,45,28,31,9,14,0,0,37,45,11,33,7,11,3,6,9,8,18,44,55,89
33,2017-440-ma30-sa93,102,15,3,35,73,31,35,23,38,3,3,54,73,7,43,20,37,1,5,11,11,27,80,81,153
33,2017-440-b747-m873,108,2,4,51,73,39,51,10,22,3,4,49,73,15,56,29,43,4,14,12,13,44,99,93,172
33,2017-440-bh09-e873,65,10,2,28,43,27,28,9,15,0,0,36,43,8,39,22,31,3,8,9,10,30,70,66,113
33,2017-440-mm58-kd46,80,11,1,38,60,32,38,15,22,0,0,47,60,7,39,16,28,1,5,11,10,23,67,70,127
33,2017-440-pd07-d801,82,14,2,41,67,32,41,13,26,5,6,45,67,10,31,16,34,2,6,9,9,26,65,71,132
33,2017-440-d801-d632,88,10,4,36,79,30,36,23,43,2,2,53,79,20,53,8,19,2,6,10,10,28,72,81,151
33,2017-440-m873-n674,70,15,1,46,61,36,46,8,15,3,3,44,61,16,43,8,19,2,5,10,9,24,62,68,123
33,2017-440-mm58-h756,138,7,5,83,118,60,83,18,35,12,13,78,118,17,63,12,33,1,7,15,15,29,96,107,214
33,2017-440-bh09-i165,79,8,0,37,57,30,37,15,20,1,2,45,57,19,44,11,26,4,8,12,12,30,70,75,127
33,2017-440-b747-d864,141,14,5,80,121,60,80,14,41,10,12,74,121,13,58,21,44,2,4,15,16,34,102,108,223
33,2017-440-e873-j380,64,8,0,32,50,24,32,11,18,1,2,35,50,13,37,11,19,4,6,9,9,24,56,59,106
33,2017-440-kd46-y061,77,16,3,42,63,34,42,8,21,4,7,42,63,18,43,9,15,5,7,11,11,27,58,69,121
33,2017-440-ke64-ba65,89,4,2,59,87,46,59,15,28,3,4,61,87,8,43,20,41,2,10,14,13,28,84,89,171
33,2017-440-me82-tc61,73,0,0,34,50,27,34,8,16,1,1,35,50,10,28,17,30,4,8,8,9,27,58,62,108
33,2017-440-pd07-gj37,78,5,0,37,51,29,37,9,14,0,1,38,51,23,56,15,24,4,13,10,9,38,80,76,131
33,2017-440-sa93-i230,108,14,5,49,73,41,49,13,24,4,6,54,73,23,65,17,33,3,6,14,13,40,98,94,171
33,2017-440-t742-se73,121,7,4,51,93,35,51,23,42,2,5,58,93,18,51,16,30,4,8,14,13,34,81,92,174
33,2017-440-mm58-sf62,120,12,6,64,101,48,64,17,37,7,10,65,101,11,57,23,40,4,8,16,16,34,97,99,198
33,2017-440-pd07-te51,90,6,1,43,60,37,43,10,17,2,2,47,60,13,39,10,22,2,4,10,9,23,61,70,121
33,2017-440-i230-b747,90,2,2,26,52,18,26,18,26,0,1,36,52,9,38,17,25,3,4,10,10,26,63,62,115
33,2017-440-n674-j380,106,4,9,41,73,34,41,15,32,4,5,49,73,24,66,19,31,3,14,10,10,43,97,92,170
33,2017-440-mm58-r548,52,16,1,34,48,31,34,8,14,1,1,39,48,13,41,8,12,3,3,9,9,21,53,60,101
33,2017-440-pd07-mb88,126,15,6,51,93,43,51,25,42,4,4,68,93,12,53,21,39,4,5,14,14,33,92,101,185
33,2017-440-j380-kc12,62,5,1,27,48,26,27,11,21,1,1,37,48,11,32,8,13,3,6,9,8,19,45,56,93
33,2017-440-b747-sf41,76,20,1,36,53,29,36,8,17,0,1,37,53,18,52,8,15,3,8,10,10,26,67,63,120
33,2017-440-sf62-gc89,105,7,2,40,90,36,40,26,50,6,7,62,90,20,62,16,34,3,5,14,15,36,96,98,186
33,2017-440-i230-kf17,143,5,3,58,94,40,58,20,36,2,6,60,94,30,75,19,40,5,15,16,16,49,115,109,209
33,2017-440-te51-b896,117,15,5,68,109,50,68,21,41,4,6,71,109,15,59,20,34,4,7,17,16,35,93,106,202
33,2017-440-n674-i305,98,4,8,48,88,40,48,18,40,5,6,58,88,9,43,13,25,2,2,12,12,22,68,80,156
34,2017-321-pf39-l397,126,29,4,58,105,45,58,30,47,6,7,75,105,8,58,16,34,1,1,16,16,24,92,99,197
34,2017-321-l397-z168,124,15,2,79,102,62,79,16,23,0,0,78,102,13,71,12,30,1,2,18,18,25,101,103,203
34,2017-321-pf39-pd31,72,13,1,50,71,43,50,13,21,2,2,56,71,9,45,10,26,1,1,12,12,19,71,75,142
34,2017-321-l397-ba47,129,19,4,68,112,52,68,25,44,9,9,77,112,10,54,13,31,2,8,16,15,23,85,100,197
34,2017-321-pf39-k435,97,10,1,51,87,35,51,21,36,5,7,56,87,10,48,15,28,2,4,14,13,25,76,81,163
34,2017-321-z168-h355,67,16,1,38,54,35,38,7,16,3,3,42,54,15,44,9,20,2,8,10,10,24,64,66,118
34,2017-321-h355-f324,115,12,7,66,107,46,66,21,41,9,12,67,107,17,70,12,24,2,3,15,15,29,94,96,201
34,2017-321-pd31-j397,62,15,5,39,58,36,39,9,19,0,0,45,58,11,40,9,17,2,4,10,9,20,57,65,115
34,2017-321-j397-d875,78,12,1,48,70,42,48,11,22,3,3,53,70,4,28,4,20,1,1,11,10,8,48,61,118
34,2017-321-ba47-ta46,76,14,0,38,57,32,38,11,19,2,3,43,57,14,45,17,29,3,6,10,10,31,74,74,131
34,2017-321-k435-j386,157,10,4,69,119,55,69,28,50,5,7,83,119,9,65,30,58,1,5,18,18,39,123,122,242
34,2017-321-pf39-sl28,139,15,10,71,135,55,71,31,64,9,11,86,135,10,59,22,50,1,6,17,17,32,109,118,244
34,2017-321-z168-h997,83,6,1,44,74,33,44,18,30,10,11,51,74,16,49,14,20,3,7,10,10,30,69,81,143
34,2017-321-l397-ca12,95,13,4,48,78,40,48,14,30,3,4,54,78,13,52,14,26,3,6,13,13,27,78,81,156
34,2017-321-pd31-g967,52,9,3,27,46,21,27,14,19,1,2,35,46,11,32,13,21,4,4,9,9,24,53,59,99
34,2017-321-j386-mn13,110,10,3,54,82,42,54,20,28,0,2,62,82,20,73,8,21,2,4,15,16,28,94,90,176
34,2017-321-z168-j267,54,7,1,28,38,25,28,7,10,0,0,32,38,6,17,17,30,4,5,8,8,23,47,55,85
34,2017-321-l397-sd32,86,8,4,27,54,22,27,12,27,2,4,34,54,27,60,15,24,5,15,9,9,42,84,76,138
34,2017-321-pd31-t840,63,6,4,25,56,20,25,17,31,1,3,37,56,13,32,14,29,4,6,10,10,27,61,64,117
34,2017-321-ca12-mb02,124,25,5,76,112,61,76,23,36,8,9,84,112,22,83,10,30,0,6,17,17,32,113,116,225
34,2017-321-g967-bg23,71,8,2,40,73,34,40,13,33,5,7,47,73,17,46,11,23,4,9,12,12,28,69,75,142
34,2017-321-h997-f724,70,4,2,45,66,29,45,10,21,3,5,39,66,10,34,18,28,5,7,10,11,28,62,67,128
34,2017-321-h355-h996,113,8,5,61,90,47,61,16,29,1,2,63,90,8,44,21,46,2,3,16,15,29,90,92,180
34,2017-321-j397-kb54,119,5,5,60,96,46,60,17,36,6,7,63,96,9,40,19,44,2,5,14,14,28,84,91,180
34,2017-321-k435-b837,35,4,1,12,22,11,12,4,10,0,0,15,22,3,10,11,15,3,5,3,4,14,25,29,47
34,2017-321-ta46-r612,87,12,2,46,82,32,46,21,36,2,5,53,82,13,45,31,49,6,16,14,13,44,94,97,176
34,2017-321-sl28-l797,90,9,5,40,81,37,40,21,41,8,8,58,81,11,45,13,29,1,5,11,11,24,74,82,155
34,2017-321-l797-bk92,61,8,1,40,57,32,40,12,17,0,1,44,57,16,45,14,24,3,7,11,10,30,69,74,126
34,2017-321-g967-be54,75,8,4,46,77,37,46,17,31,1,1,54,77,12,44,5,18,1,4,11,11,17,62,71,139
34,2017-321-f724-c582,102,5,5,30,59,22,30,16,29,1,4,38,59,30,62,11,26,5,9,12,12,41,88,79,147
34,2017-321-h997-mh16,66,4,1,27,43,23,27,7,16,4,5,30,43,23,45,15,27,5,15,8,9,38,72,68,115
34,2017-321-l797-bc72,73,3,1,40,62,31,40,9,22,3,5,40,62,17,44,14,22,4,9,10,9,31,66,71,128
34,2017-321-be54-u134,111,2,2,62,94,44,62,20,32,7,9,64,94,15,70,17,27,1,6,14,14,32,97,96,191
34,2017-321-c582-fb98,131,7,1,82,115,54,82,19,33,7,10,73,115,17,59,24,41,4,8,16,15,41,100,114,215
34,2017-321-bk92-be67,65,8,6,44,70,33,44,15,26,2,3,48,70,11,39,14,21,3,5,11,10,25,60,73,130
34,2017-321-g967-mn20,97,14,4,60,96,44,60,17,36,7,9,61,96,23,73,17,22,5,16,14,15,40,95,101,191
34,2017-321-f724-ae14,65,4,1,31,55,27,31,14,24,0,0,41,55,6,28,10,21,2,2,10,9,16,49,57,104
34,2017-321-mh16-me31,134,5,0,83,113,56,83,14,30,6,9,70,113,18,56,21,36,5,10,16,15,39,92,109,205
34,2017-321-h997-r685,88,7,1,53,80,36,53,16,27,2,4,52,80,13,50,18,37,2,7,14,13,31,87,83,167
35,2017-500-f324-ke29,85,3,2,51,77,36,51,15,26,4,6,51,77,13,43,14,26,3,5,11,11,27,69,78,146
35,2017-500-f324-z355,53,4,0,28,42,26,28,7,14,1,1,33,42,17,36,8,13,4,8,8,8,25,49,58,91
35,2017-500-f324-mb02,67,11,0,36,56,31,36,11,20,2,2,42,56,12,40,15,31,2,12,10,9,27,71,69,127
35,2017-500-z355-g628,113,11,3,51,78,42,51,13,27,1,3,55,78,16,58,19,36,4,8,14,15,35,94,90,172
35,2017-500-f324-z168,91,5,0,35,66,29,35,21,31,0,0,50,66,11,44,19,37,1,4,11,11,30,81,80,147
35,2017-500-ke29-re44,136,19,2,77,119,55,77,16,42,6,11,71,119,14,55,28,48,5,8,16,15,42,103,113,222
35,2017-500-z355-bd06,133,19,1,58,86,51,58,18,28,0,0,69,86,31,82,10,26,3,7,15,16,41,108,110,194
35,2017-500-g628-h756,94,5,2,55,76,41,55,9,21,4,6,50,76,16,41,16,31,5,15,12,11,32,72,82,148
35,2017-500-h756-tb69,94,5,1,48,77,33,48,19,29,4,5,52,77,9,35,16,35,2,8,11,10,25,70,77,147
35,2017-500-ke29-n552,35,1,2,20,30,17,20,1,10,1,1,18,30,3,9,4,8,0,2,3,2,7,17,25,47
35,2017-500-mb02-pf39,107,8,1,57,87,47,57,19,30,2,3,66,87,10,49,24,48,3,7,16,15,34,97,100,184
35,2017-500-re44-y061,88,9,1,36,60,29,36,16,24,0,1,45,60,19,54,14,26,4,11,12,12,33,80,78,140
35,2017-500-bd06-ba65,108,1,2,59,93,40,59,17,34,4,9,57,93,14,52,19,37,3,4,15,14,33,89,90,182
35,2017-500-g628-ta46,58,6,2,29,48,24,29,9,19,0,1,33,48,15,39,8,12,4,5,9,9,23,51,56,99
35,2017-500-z355-k435,64,10,1,39,48,33,39,7,9,0,0,40,48,9,31,15,29,2,9,10,9,24,60,64,108
35,2017-500-f324-se73,52,8,0,29,42,26,29,5,13,0,1,31,42,15,34,12,18,5,13,8,8,27,52,58,94
35,2017-500-tb69-mn13,85,7,8,41,80,32,41,22,39,7,7,54,80,11,37,10,20,2,4,11,10,21,57,75,137
35,2017-500-n552-v306,145,3,4,67,104,56,67,18,37,9,10,74,104,20,75,16,31,3,11,16,15,36,106,110,210
35,2017-500-z355-l503,59,7,1,33,51,29,33,9,18,3,3,38,51,10,28,11,19,3,4,9,8,21,47,59,98
35,2017-500-g628-mc65,122,1,1,67,88,48,67,11,21,11,13,59,88,16,67,26,39,3,15,14,14,42,106,101,194
35,2017-500-pf39-sl28,80,12,4,49,75,35,49,13,26,2,5,48,75,3,35,21,38,3,5,13,13,24,73,72,148
35,2017-500-bd06-b884,94,4,0,47,62,35,47,9,15,1,3,44,62,17,45,25,37,6,12,12,12,42,82,86,144
35,2017-500-re44-r772,157,4,4,70,116,45,70,24,46,10,13,69,116,30,80,17,39,5,12,17,17,47,119,116,235
35,2017-500-ba65-pd07,135,8,8,68,113,51,68,23,45,7,8,74,113,22,65,16,39,4,12,15,16,38,104,112,217
35,2017-500-h756-f401,120,3,5,48,86,38,48,19,38,2,5,57,86,22,63,17,33,4,9,15,15,39,96,96,182
35,2017-500-ke29-sd32,129,5,6,60,108,39,60,32,48,3,4,71,108,17,57,15,28,4,7,15,14,32,85,103,193
35,2017-500-k435-sh90,120,12,1,45,85,35,45,21,40,6,9,56,85,16,54,22,44,3,14,15,14,38,98,94,183
35,2017-500-ta46-h355,67,7,2,42,53,34,42,7,11,0,0,41,53,17,44,8,22,2,5,10,10,25,66,66,119
35,2017-500-mb02-pd31,55,1,1,31,48,22,31,11,17,0,1,33,48,11,26,22,34,5,11,8,8,33,60,66,108
35,2017-500-y061-k336,86,3,0,56,79,40,56,16,23,5,5,56,79,14,50,7,16,1,6,11,10,21,66,77,145
35,2017-500-z168-l797,75,7,1,41,59,32,41,11,18,2,2,43,59,17,46,7,18,2,6,10,10,24,64,67,123
35,2017-500-y061-se73,215,5,6,89,145,58,89,26,56,6,13,84,145,38,101,34,66,7,13,18,18,72,167,156,312
35,2017-500-pd07-e873,29,1,0,9,17,6,9,7,8,2,2,13,17,4,11,3,6,1,1,3,3,7,17,20,34
35,2017-500-l797-sa93,80,7,1,54,75,41,54,8,21,6,7,49,75,11,45,16,24,3,8,11,11,27,69,76,144
35,2017-500-mn13-bk92,48,4,1,31,47,23,31,10,16,1,2,33,47,12,20,12,18,5,7,8,7,24,38,57,85
35,2017-500-se73-h997,77,3,2,51,76,33,51,14,25,8,9,47,76,23,52,10,17,4,12,10,9,33,69,80,145
35,2017-500-mn13-i165,95,10,3,54,91,46,54,20,37,7,7,66,91,9,51,12,31,0,4,12,12,21,82,87,173
35,2017-500-sa93-mn20,64,2,0,27,51,23,27,14,24,0,0,37,51,14,37,9,18,3,6,9,9,23,55,60,106
35,2017-500-e873-v495,87,7,2,49,84,40,49,15,35,2,2,55,84,4,31,13,25,1,2,11,10,17,56,72,140
35,2017-500-bk92-kb54,88,10,7,47,88,37,47,22,41,5,7,59,88,12,47,10,29,2,8,14,14,22,76,81,164
35,2017-500-pd07-ae14,60,4,0,30,51,26,30,11,21,2,2,37,51,8,18,10,15,4,6,8,7,18,33,55,84
35,2017-500-y061-b896,62,6,1,38,56,29,38,12,18,0,0,41,56,10,37,8,16,2,6,10,9,18,53,59,109
35,2017-500-l797-be54,63,6,3,41,64,34,41,11,23,5,6,45,64,8,24,10,22,3,3,10,9,18,46,63,110
36,2017-311-c977-y124,86,11,0,33,49,28,33,16,16,0,0,44,49,17,54,18,33,2,12,11,11,35,87,79,136
36,2017-311-l397-c977,152,19,0,66,105,51,66,27,39,2,3,78,105,8,63,11,34,0,1,17,17,19,97,97,202
36,2017-311-l397-d875,122,4,1,47,81,41,47,18,34,3,4,59,81,15,60,18,37,3,14,14,15,33,97,92,178
36,2017-311-c977-ma30,136,20,5,47,78,43,47,18,31,1,2,61,78,18,69,21,38,2,13,16,15,39,107,100,185
36,2017-311-l397-ba47,148,18,2,74,114,67,74,17,40,1,1,84,114,11,71,15,35,1,3,18,18,26,106,110,220
36,2017-311-d875-mm58,106,9,2,63,85,44,63,11,22,3,6,55,85,24,63,15,32,4,12,14,13,39,95,94,180
36,2017-311-ma30-q927,81,12,0,51,72,36,51,17,21,2,2,53,72,4,38,9,18,1,1,11,11,13,56,66,128
36,2017-311-c977-ke64,65,6,1,21,39,20,21,12,18,0,0,32,39,9,23,16,28,4,6,8,8,25,51,57,90
36,2017-311-ba47-su55,135,9,2,71,103,58,71,21,32,2,2,79,103,12,59,15,45,1,1,18,18,27,104,106,207
36,2017-311-l397-ca12,62,12,3,37,56,35,37,10,19,0,0,45,56,5,30,10,20,2,4,10,9,15,50,60,106
36,2017-311-ma30-t786,69,9,0,35,54,30,35,13,19,3,3,43,54,4,27,8,18,2,3,10,10,12,45,55,99
36,2017-311-d875-b747,117,15,7,47,87,41,47,22,40,5,6,63,87,12,54,16,31,2,4,15,14,28,85,91,172
36,2017-311-mm58-kd46,59,12,1,28,37,27,28,5,9,0,0,32,37,12,31,15,24,4,6,8,8,27,55,59,92
36,2017-311-y124-t840,66,2,1,29,51,21,29,16,22,2,3,37,51,12,39,13,23,3,6,10,9,25,62,62,113
36,2017-311-q927-tc61,131,15,5,50,89,41,50,20,39,5,7,61,89,25,67,19,45,2,10,15,15,44,112,105,201
36,2017-311-tc61-mc10,103,12,1,45,65,37,45,10,20,3,3,47,65,13,42,17,35,2,7,10,10,30,77,77,142
36,2017-311-t786-me82,66,8,2,31,45,28,31,3,14,0,1,31,45,24,46,10,21,5,13,8,8,34,67,65,112
36,2017-311-kd46-r975,121,15,4,65,110,51,65,25,45,9,9,76,110,9,49,5,23,0,0,12,12,14,72,90,182
36,2017-311-c977-i186,62,10,3,30,46,30,30,10,16,0,0,40,46,14,48,12,19,3,3,10,11,26,67,66,113
36,2017-311-l397-w367,91,16,2,48,70,42,48,15,22,2,2,57,70,6,49,17,31,1,3,12,12,23,80,80,150
36,2017-311-d875-h940,54,6,0,25,40,22,25,10,15,0,0,32,40,15,34,10,13,4,7,8,8,25,47,57,87
36,2017-311-ba47-d632,78,10,6,38,71,34,38,13,33,2,4,47,71,9,31,12,20,4,4,11,10,21,51,68,122
36,2017-311-y124-ke17,53,3,0,27,44,24,27,9,17,4,4,33,44,2,21,5,13,0,0,6,6,7,34,40,78
36,2017-311-b747-w503,57,5,2,29,46,20,29,13,17,0,0,33,46,8,21,13,21,4,6,8,8,21,42,54,88
36,2017-311-ca12-bi23,74,6,2,39,59,31,39,10,20,1,2,41,59,13,38,14,27,3,7,10,10,27,65,68,124
36,2017-311-ke64-j386,92,10,2,44,72,31,44,15,28,3,6,46,72,11,35,22,33,6,10,12,11,33,68,79,140
36,2017-311-mm58-m873,128,8,6,67,109,53,67,23,42,5,5,76,109,18,74,15,30,2,6,16,16,33,104,109,213
36,2017-311-ma30-bg23,132,22,6,76,100,63,76,13,24,0,0,76,100,29,86,13,36,2,11,16,16,42,122,118,222
36,2017-311-q927-n771,59,15,3,38,65,30,38,16,27,3,3,46,65,8,30,13,19,3,7,9,8,21,49,67,114
36,2017-311-t840-t742,164,11,9,69,112,56,69,17,43,0,4,73,112,12,58,34,67,3,10,18,18,46,125,119,237
36,2017-311-ke64-h996,74,2,1,38,53,31,38,8,15,4,4,39,53,8,30,19,33,3,9,9,9,27,63,66,116
36,2017-311-su55-e831,129,12,6,47,96,38,47,29,49,1,2,67,96,9,52,18,42,1,5,16,16,27,94,94,190
36,2017-311-ca12-tc61,99,8,6,34,71,29,34,22,37,1,3,51,71,15,55,16,30,4,7,14,15,31,85,82,156
36,2017-311-b747-k839,93,7,2,51,74,38,51,10,23,1,2,48,74,17,46,9,19,3,7,11,11,26,65,74,139
36,2017-311-su55-bi23,83,8,2,38,65,28,38,14,27,2,3,42,65,17,38,12,28,3,10,10,10,29,66,71,131
36,2017-311-bi23-td51,104,10,2,55,83,39,55,20,28,3,3,59,83,12,51,26,40,4,8,14,13,38,91,97,174
36,2017-311-k839-dc58,90,4,3,46,71,32,46,14,25,2,3,46,71,5,28,29,43,3,10,10,9,34,71,80,142
36,2017-311-h996-n679,65,11,4,32,54,28,32,6,22,2,4,34,54,17,33,10,19,5,11,9,8,27,52,61,106
36,2017-311-ca12-ca71,113,16,6,54,83,48,54,14,29,4,5,62,83,18,58,18,39,3,10,15,16,36,97,98,180
36,2017-311-tc61-kb09,126,10,2,66,105,50,66,15,39,7,11,65,105,17,67,23,38,5,9,16,16,40,105,105,210
36,2017-311-b747-sq80,59,8,0,36,51,24,36,10,15,2,3,34,51,13,30,17,26,5,8,8,8,30,56,64,107
36,2017-311-su55-o522,107,11,2,63,93,49,63,21,30,3,4,70,93,9,42,12,42,1,2,15,15,21,84,91,177
36,2017-311-ke64-d750,108,4,3,64,90,53,64,16,26,2,2,69,90,16,63,6,23,2,6,16,15,22,86,91,176
37,2017-7650-se73-b837,138,6,0,64,94,47,64,20,30,4,4,67,94,14,52,23,49,2,10,14,12,37,101,104,195
37,2017-7650-me82-v306,111,4,3,52,78,34,52,16,26,0,3,50,78,14,43,18,38,4,7,14,14,32,81,82,159
37,2017-7650-me82-sa93,93,5,0,36,66,24,36,19,30,3,4,43,66,12,41,18,30,3,9,10,10,30,71,73,137
37,2017-7650-se73-me82,89,5,3,44,66,33,44,8,22,3,5,41,66,12,36,16,25,4,8,10,9,28,61,69,127
37,2017-7650-sa93-a829,110,7,0,47,70,41,47,10,23,3,4,51,70,18,58,21,36,2,7,11,11,39,94,90,164
37,2017-7650-se73-ae14,49,6,0,32,40,25,32,8,8,1,1,33,40,9,25,10,13,4,4,8,7,19,38,52,78
37,2017-7650-b837-rb56,163,9,2,47,101,40,47,27,54,3,4,67,101,7,48,32,67,3,7,16,17,39,115,106,216
37,2017-7650-rb56-tb69,60,10,2,31,49,28,31,10,18,1,1,38,49,6,22,13,24,3,6,9,8,19,46,57,95
37,2017-7650-a829-l503,82,5,1,32,55,25,32,12,23,0,2,37,55,14,33,11,20,4,7,10,9,25,53,62,108
37,2017-7650-ae14-k771,148,15,5,62,106,47,62,17,44,2,6,64,106,8,38,27,56,4,9,15,15,35,94,99,200
37,2017-7650-v306-d632,84,6,6,31,56,23,31,16,25,0,1,39,56,16,48,16,25,3,11,10,9,32,73,71,129
37,2017-7650-se73-f401,136,6,3,65,95,51,65,16,30,3,5,67,95,30,86,18,34,2,6,15,15,48,120,115,215
37,2017-7650-b837-b884,141,7,7,37,80,33,37,25,43,3,5,58,80,22,67,17,36,3,11,15,16,39,103,97,183
37,2017-7650-b884-t840,119,3,2,66,99,44,66,14,33,11,15,58,99,12,47,20,31,5,10,14,13,32,78,90,177
37,2017-7650-sa93-t742,113,10,4,52,91,39,52,22,39,3,5,61,91,10,47,10,25,2,4,15,14,20,72,81,163
37,2017-7650-me82-sk47,95,3,1,41,62,29,41,15,21,2,2,44,62,11,42,12,20,2,8,10,10,23,62,67,124
37,2017-7650-me82-cg80,96,7,1,38,66,32,38,18,28,3,3,50,66,8,43,12,21,2,3,11,11,20,64,70,130
37,2017-7650-k771-k966,53,14,2,21,40,20,21,10,19,2,2,30,40,8,27,8,17,0,3,6,6,16,44,46,84
37,2017-7650-a829-sh90,82,7,2,40,60,34,40,10,20,0,1,44,60,14,46,12,20,3,4,10,10,26,66,70,126
37,2017-7650-ae14-e224,173,9,5,69,123,58,69,30,54,4,4,88,123,18,81,15,37,1,5,18,18,33,118,121,241
37,2017-7650-b837-bg23,49,9,1,16,35,14,16,15,19,1,1,29,35,15,26,12,19,5,8,7,8,27,45,56,80
37,2017-7650-d632-i165,141,12,3,83,122,64,83,16,39,10,11,80,122,17,67,16,32,3,8,16,16,33,99,113,221
37,2017-7650-rb56-sc73,66,12,2,33,60,28,33,16,27,1,1,44,60,7,25,14,30,2,3,10,9,21,55,65,115
37,2017-7650-sk47-i306,135,11,2,71,101,55,71,15,30,1,3,70,101,15,63,15,32,2,4,16,15,30,95,100,196
37,2017-7650-sa93-mq75,74,9,0,36,58,30,36,14,22,1,2,44,58,11,35,17,32,3,6,10,10,28,67,72,125
37,2017-7650-t742-hg86,84,10,1,43,62,37,43,9,19,0,1,46,62,11,42,18,30,3,8,11,10,29,72,75,134
37,2017-7650-rb56-mg08,69,4,1,32,59,25,32,16,27,3,3,41,59,15,39,9,19,3,5,9,10,24,58,65,117
37,2017-7650-se73-e690,74,5,1,36,58,27,36,11,22,4,4,38,58,14,33,13,21,4,6,8,8,27,54,65,112
37,2017-7650-e690-ae14,113,4,8,53,87,40,53,21,34,2,4,61,87,21,65,13,28,3,6,16,16,34,93,95,180
37,2017-7650-mq75-hg86,82,3,2,32,57,24,32,15,25,0,1,39,57,12,43,21,33,4,13,9,10,33,76,72,133
37,2017-7650-sk47-v717,70,2,2,40,54,25,40,8,14,1,4,33,54,11,30,19,28,5,8,10,10,30,58,63,112
37,2017-7650-rb56-y178,33,7,2,21,28,21,21,3,7,0,0,24,28,10,19,18,21,6,11,6,6,28,40,52,68
37,2017-7650-ae14-y152,67,7,3,43,63,31,43,11,20,1,2,42,63,9,30,8,16,3,4,10,9,17,46,59,109
37,2017-7650-hg86-k596,102,22,3,54,90,45,54,21,36,7,7,66,90,8,47,14,35,0,5,12,12,22,82,88,172
37,2017-7650-mq75-mu94,79,5,2,36,67,25,36,18,31,5,6,43,67,8,34,15,20,4,8,9,9,23,54,66,121
37,2017-7650-v717-j321,68,2,5,35,58,26,35,10,23,3,5,36,58,16,42,16,24,5,13,9,10,32,66,68,124
37,2017-7650-sk47-pe02,133,13,5,60,88,47,60,14,28,2,5,61,88,27,77,22,41,3,9,15,15,49,118,110,206
37,2017-7650-mg08-ch05,59,0,1,28,50,21,28,12,22,1,3,33,50,11,25,20,35,5,7,9,9,31,60,64,110
37,2017-7650-e690-ad04,50,8,10,27,54,21,27,15,27,3,4,36,54,11,27,13,15,5,9,8,8,24,42,60,96
38,2017-741-d643-mm58,82,5,4,37,64,32,37,11,27,3,4,43,64,12,35,11,24,3,6,10,10,23,59,66,123
38,2017-741-d643-mc65,76,1,1,42,58,32,42,8,16,3,3,40,58,15,45,11,18,3,6,9,10,26,63,66,121
38,2017-741-mc65-g628,152,18,4,72,115,57,72,19,43,8,10,76,115,30,88,18,31,4,11,16,16,48,119,124,234
38,2017-741-d643-y124,95,7,3,49,67,39,49,9,18,3,4,48,67,16,49,16,27,3,10,10,10,32,76,80,143
38,2017-741-g628-i186,54,4,0,31,47,24,31,10,16,0,0,34,47,15,36,9,15,4,7,8,9,24,51,58,98
38,2017-741-mc65-ta46,67,8,3,38,60,31,38,15,22,3,3,46,60,25,56,4,12,3,6,9,9,29,68,75,128
38,2017-741-mm58-j386,78,5,3,46,66,36,46,12,20,1,3,48,66,12,48,14,24,3,7,13,13,26,72,74,138
38,2017-741-d643-pd07,85,5,4,47,66,34,47,11,19,3,3,45,66,10,33,12,24,2,5,10,9,22,57,67,123
38,2017-741-mc65-n771,68,8,4,32,51,27,32,10,19,0,0,37,51,16,35,7,18,3,6,9,8,23,53,60,104
38,2017-741-ta46-z168,51,3,0,37,53,27,37,12,16,3,3,39,53,9,27,9,20,3,4,9,8,18,47,57,100
38,2017-741-j386-f586,138,15,1,74,105,54,74,13,31,7,10,67,105,22,69,21,38,4,7,16,15,43,107,110,212
38,2017-741-g628-a678,73,2,3,46,68,34,46,13,22,3,3,47,68,7,28,7,18,2,2,10,10,14,46,61,114
38,2017-741-y124-dc58,103,7,2,34,69,25,34,22,35,3,4,47,69,8,32,26,51,3,12,11,11,34,83,81,152
38,2017-741-mm58-h756,99,11,2,48,68,40,48,8,20,0,2,48,68,20,53,20,31,5,16,13,12,40,84,88,152
38,2017-741-i186-l987,109,27,2,70,89,56,70,14,19,0,1,70,89,14,70,5,22,0,0,16,17,19,92,89,181
38,2017-741-mm58-q927,74,9,0,42,72,33,42,15,30,2,3,48,72,10,43,20,29,3,11,11,10,30,72,78,144
38,2017-741-z168-h940,89,5,6,53,82,41,53,15,29,3,4,56,82,10,48,17,28,2,2,11,11,27,76,83,158
38,2017-741-g628-td51,144,3,3,81,128,57,81,25,47,8,11,82,128,20,72,22,42,3,8,17,16,42,114,124,242
38,2017-741-dc58-sm37,167,9,2,61,118,42,61,24,57,5,12,66,118,36,82,18,42,6,20,17,16,54,124,120,242
38,2017-741-a678-bd20,62,11,3,26,41,24,26,8,15,0,0,32,41,17,39,10,15,4,9,8,8,27,54,59,95
38,2017-741-f586-sf76,105,1,2,59,75,44,59,8,16,2,3,52,75,13,48,15,28,2,8,11,11,28,76,80,151
38,2017-741-h756-m873,102,7,4,45,80,32,45,21,35,3,4,53,80,15,45,16,33,2,4,11,11,31,78,84,158
38,2017-741-l987-ca12,110,4,1,75,108,59,75,18,33,3,3,77,108,10,49,14,34,2,3,16,15,24,83,101,191
38,2017-741-n771-z184,88,8,5,28,64,21,28,23,36,0,2,44,64,9,36,14,27,3,4,11,11,23,63,67,127
38,2017-741-pd07-v708,88,7,3,34,61,29,34,15,27,4,4,44,61,14,42,18,32,2,7,10,9,32,74,76,135
38,2017-741-ta46-gb93,70,6,2,54,73,38,54,12,19,2,3,50,73,16,48,9,19,2,3,11,10,25,67,75,140
38,2017-741-y124-e831,115,6,2,67,98,47,67,14,31,6,8,61,98,9,44,16,31,3,6,14,14,25,75,86,173
38,2017-741-gb93-bk05,57,2,0,28,43,19,28,11,15,1,2,30,43,12,32,21,28,5,15,8,8,33,60,63,103
38,2017-741-sf76-kb54,99,2,1,60,80,42,60,10,20,0,2,52,80,17,56,13,30,2,4,14,14,30,86,82,166
38,2017-741-f586-c813,66,3,0,31,42,23,31,5,11,2,4,28,42,21,43,19,27,6,10,8,9,40,70,68,112
38,2017-741-pd07-w503,58,10,0,29,47,24,29,13,18,2,2,37,47,10,26,10,18,3,3,9,8,20,44,57,91
38,2017-741-gb93-sm09,81,2,2,44,69,30,44,14,25,1,4,44,69,24,52,7,18,4,8,11,11,31,70,75,139
38,2017-741-kb54-ga48,49,6,1,21,34,19,21,9,13,0,0,28,34,12,30,15,19,5,7,7,8,27,49,55,83
38,2017-741-f586-me56,47,4,0,29,38,24,29,7,9,2,2,31,38,11,29,17,20,5,11,7,7,28,49,59,87
38,2017-741-sf76-j397,115,5,0,65,88,42,65,15,23,8,10,57,88,20,66,19,28,2,11,12,12,39,94,96,182
38,2017-741-d646-d916,118,7,3,58,95,36,58,20,37,2,6,56,95,17,50,18,36,5,11,15,15,35,86,91,181
38,2017-741-bk05-j493,55,5,1,34,51,26,34,11,17,0,1,37,51,12,41,10,14,3,4,10,10,22,55,59,106
38,2017-741-c813-k906,130,3,3,52,91,42,52,19,39,5,8,61,91,20,64,22,51,2,9,16,16,42,115,103,206
39,2017-540-f324-c977,101,8,2,53,70,43,53,12,17,1,1,55,70,19,54,22,36,5,10,13,13,41,90,96,160
39,2017-540-q927-mc10,162,27,2,74,116,62,74,23,42,4,7,85,116,22,82,30,50,8,12,22,23,52,132,137,248
39,2017-540-c977-q927,176,25,1,78,120,69,78,28,42,1,3,97,120,25,97,28,54,4,14,23,23,53,151,150,271
39,2017-540-f324-ba47,138,13,4,70,105,59,70,21,35,5,6,80,105,25,79,21,49,2,9,17,17,46,128,126,233
39,2017-540-ba47-d643,63,1,1,27,46,25,27,10,19,0,0,35,46,14,39,4,8,1,1,7,7,18,47,53,93
39,2017-540-c977-ma30,210,33,9,102,157,86,102,26,55,4,7,112,157,19,95,24,50,3,10,27,25,43,145,155,302
39,2017-540-f324-r975,118,11,2,61,89,55,61,15,28,5,5,70,89,20,70,15,26,3,6,15,15,35,96,105,185
39,2017-540-mc10-pd31,141,4,0,70,99,47,70,20,29,8,11,67,99,23,66,32,57,5,16,16,16,55,123,122,222
39,2017-540-d643-me82,135,4,2,69,93,49,69,16,24,1,2,65,93,28,71,15,31,4,10,15,15,43,102,108,195
39,2017-540-ma30-n409,288,30,10,133,212,106,133,38,79,14,16,144,212,24,119,23,58,3,8,33,33,47,177,191,389
39,2017-540-f324-d875,98,8,0,52,75,39,52,17,23,2,3,56,75,20,57,19,34,5,10,14,14,39,91,95,166
39,2017-540-r975-z355,203,23,6,124,175,94,124,24,51,14,17,118,175,18,90,26,45,5,8,26,25,44,135,162,310
39,2017-540-q927-a678,187,31,1,115,173,95,115,34,58,6,7,129,173,16,106,20,40,2,3,28,26,36,146,165,319
39,2017-540-ba47-tb69,173,15,2,105,141,87,105,18,36,4,5,105,141,14,74,24,58,3,13,25,23,38,132,143,273
39,2017-540-c977-bd06,101,9,0,43,78,34,43,20,35,5,6,54,78,25,52,12,15,7,9,12,12,37,67,91,145
39,2017-540-mc10-f510,159,15,7,76,118,56,76,21,42,7,10,77,118,21,63,23,39,7,9,19,18,44,102,121,220
39,2017-540-d643-g858,133,6,1,56,89,44,56,21,33,3,4,65,89,19,63,24,39,4,11,15,14,43,102,108,191
39,2017-540-n409-ke29,135,7,1,65,94,52,65,17,29,4,5,69,94,22,71,21,32,4,15,15,14,43,103,112,197
39,2017-540-f324-z168,109,13,1,53,88,44,53,25,35,1,2,69,88,18,63,19,39,3,6,16,16,37,102,106,190
39,2017-540-r975-r772,142,21,2,61,87,51,61,21,26,0,0,72,87,25,77,21,47,2,13,17,17,46,124,118,211
39,2017-540-c977-j386,132,17,1,52,84,42,52,22,32,0,2,64,84,25,75,23,39,4,15,16,16,48,114,112,198
39,2017-540-bd06-n552,201,3,3,97,146,73,97,23,49,9,11,96,146,26,88,28,58,3,11,20,20,54,146,150,292
39,2017-540-tb69-dc58,123,4,3,54,96,42,54,25,42,7,8,67,96,11,40,23,47,5,9,15,15,34,87,101,183
39,2017-540-z355-o513,93,4,5,47,71,38,47,12,24,4,7,50,71,20,53,26,39,7,15,14,14,46,92,96,163
39,2017-540-q927-t786,178,22,5,78,141,69,78,30,63,5,8,99,141,20,99,27,58,3,7,23,25,47,157,146,298
39,2017-540-ba47-f401,106,3,1,45,75,38,45,19,30,1,1,57,75,20,56,19,37,4,8,14,14,39,93,96,168
39,2017-540-d875-sc56,60,5,0,29,36,24,29,6,7,1,1,30,36,13,25,13,21,5,11,7,7,26,46,56,82
39,2017-540-me82-mc65,210,7,4,105,167,72,105,39,62,9,14,111,167,38,105,28,67,6,23,26,25,66,172,177,339
39,2017-540-a678-be54,120,27,2,59,86,55,59,22,27,0,0,77,86,22,79,8,29,1,5,17,17,30,108,107,194
39,2017-540-ma30-bh09,147,19,4,61,98,50,61,21,37,3,5,71,98,22,72,27,51,4,11,17,17,49,123,120,221
39,2017-540-mc10-ba65,96,9,2,31,66,26,31,26,35,0,0,52,66,16,47,24,40,5,10,13,12,40,87,92,153
39,2017-540-pd31-j397,102,14,5,63,102,51,63,24,39,7,7,75,102,9,42,20,39,3,5,15,14,29,81,104,183
39,2017-540-f324-l987,90,9,2,47,78,38,47,25,31,3,4,63,78,24,56,11,31,4,11,15,14,35,87,98,165
39,2017-540-d643-pg32,94,4,1,41,60,33,41,14,19,1,1,47,60,19,45,24,39,7,18,11,12,43,84,90,144
39,2017-540-n409-y124,131,4,2,55,85,44,55,18,30,2,3,62,85,23,68,22,36,5,9,15,15,45,104,107,189
39,2017-540-r975-y061,160,27,7,73,113,65,73,23,40,3,4,88,113,21,85,21,49,2,6,21,22,42,134,130,247
39,2017-540-c977-mb02,132,31,5,55,93,50,55,21,38,0,2,71,93,25,77,27,45,4,7,17,17,52,122,123,215
39,2017-540-tb69-sd32,172,17,1,65,112,51,65,25,47,1,3,76,112,31,93,27,54,5,18,20,20,58,147,134,259
39,2017-540-n552-sc77,195,7,8,93,142,69,93,27,49,4,6,96,142,21,76,30,62,5,9,21,20,51,138,147,280
39,2017-540-z355-td51,93,11,4,55,84,43,55,17,29,1,1,60,84,12,48,16,28,4,6,14,14,28,76,88,160
39,2017-540-ba47-h940,157,19,1,76,113,64,76,22,37,0,1,86,113,20,79,28,53,4,13,21,19,48,132,134,245
39,2017-540-t786-ba98,115,13,2,51,78,43,51,16,27,4,4,59,78,32,66,15,31,5,13,14,13,47,97,106,175
39,2017-540-d875-b837,103,9,4,53,83,42,53,17,30,7,7,59,83,11,36,24,34,6,8,12,12,35,70,94,153
39,2017-540-j397-pf39,165,14,2,82,129,67,82,27,47,3,4,94,129,15,76,24,57,2,9,20,20,39,133,133,262
39,2017-540-mc65-e831,132,13,1,73,108,55,73,18,35,5,7,73,108,19,56,18,38,4,8,16,16,37,94,110,202
39,2017-540-ma30-r685,217,45,13,110,173,96,110,30,63,11,13,126,173,26,119,33,64,4,14,30,29,59,183,185,356
39,2017-540-bd06-g967,137,2,3,71,106,52,71,17,35,4,8,69,106,20,58,37,59,8,25,17,16,57,117,126,223
39,2017-540-o513-sm25,164,15,7,79,132,63,79,25,53,12,15,88,132,22,81,24,58,4,14,22,22,46,139,134,271
39,2017-540-sc56-i186,231,5,2,121,185,93,121,44,64,12,14,137,185,23,126,27,55,2,5,29,28,50,181,187,366
39,2017-540-q927-bg23,111,32,0,62,93,53,62,20,31,0,1,73,93,30,73,14,43,4,11,19,19,44,116,117,209
39,2017-540-r772-re44,212,16,4,106,164,81,106,29,58,10,14,110,164,34,104,24,52,6,12,27,26,58,156,168,320
39,2017-540-j386-a829,152,10,2,83,116,62,83,22,33,10,11,84,116,25,77,20,42,4,10,19,18,45,119,129,235
39,2017-540-z168-k926,185,14,5,93,120,64,93,10,27,4,9,74,120,42,102,24,48,7,17,21,21,66,150,140,270
39,2017-540-g858-d683,174,25,5,60,100,49,60,23,40,2,3,72,100,21,69,19,43,3,10,16,16,40,112,112,212
39,2017-540-f510-v708,117,11,2,59,87,51,59,18,28,1,1,69,87,27,79,13,26,3,8,15,15,40,105,109,192
39,2017-540-ke29-mj08,189,15,5,106,162,76,106,33,56,15,18,109,162,19,83,30,61,3,7,22,23,49,144,158,306
39,2017-540-dc58-l503,185,20,3,80,140,68,80,29,60,5,6,97,140,28,95,22,41,4,8,21,21,50,136,147,276
39,2017-540-a678-sa93,101,16,1,53,82,47,53,23,29,0,0,70,82,11,49,13,30,2,5,16,14,24,79,94,161
39,2017-540-bh09-d923,127,12,2,64,103,52,64,14,39,6,10,66,103,28,64,13,29,7,11,18,18,41,93,107,196
39,2017-540-be54-mm58,170,8,3,87,125,61,87,24,38,4,8,85,125,34,99,30,56,5,18,22,22,64,155,149,280
39,2017-540-f401-d632,18,0,1,6,12,5,6,3,6,0,0,8,12,0,3,6,7,1,4,2,1,6,10,14,22
39,2017-540-me82-se73,213,9,1,98,150,69,98,33,52,8,11,102,150,41,117,33,60,6,16,24,25,74,177,176,327
39,2017-540-pd31-h996,105,6,6,52,98,41,52,27,46,3,4,68,98,14,50,22,40,4,7,15,14,36,90,104,188
39,2017-540-mc10-bk92,104,3,2,43,74,33,43,23,31,6,6,56,74,20,61,24,34,5,12,13,12,44,95,100,169
39,2017-540-d643-k966,40,7,2,23,33,20,23,5,10,0,0,25,33,9,21,7,12,2,4,6,5,16,33,41,66
39,2017-540-f324-d801,43,10,1,27,36,21,27,4,9,0,0,25,36,10,23,15,27,3,9,6,6,25,50,50,86
39,2017-540-n409-mh30,106,5,0,47,70,36,47,12,23,2,4,48,70,23,45,20,34,8,13,12,12,43,79,91,149
39,2017-540-mm58-w367,133,10,7,71,111,60,71,17,40,4,6,77,111,22,66,22,42,5,11,18,18,44,108,121,219
39,2017-540-c977-k435,117,15,1,56,88,44,56,18,32,4,4,62,88,20,59,19,31,4,10,14,13,39,90,101,178
39,2017-540-tb69-pd07,115,8,2,34,70,30,34,26,36,0,0,56,70,17,62,25,45,4,14,14,15,42,107,98,177
39,2017-540-r975-sl28,136,20,4,74,110,58,74,22,36,5,6,80,110,12,56,28,53,3,13,16,16,40,109,120,219
39,2017-540-n552-cf01,72,8,2,39,59,32,39,14,20,1,1,46,59,23,46,14,18,7,9,11,11,37,64,83,123
39,2017-540-z355-d864,110,15,3,69,101,52,69,19,32,2,3,71,101,15,50,14,33,3,3,16,15,29,83,100,184
39,2017-540-ba47-ca12,142,12,3,64,111,56,64,30,47,4,5,86,111,13,77,17,30,2,2,20,20,30,107,116,218
39,2017-540-t786-n771,83,8,1,38,64,31,38,18,26,0,0,49,64,27,56,17,33,6,12,12,13,44,89,93,153
39,2017-540-d875-sm37,110,9,10,49,87,42,49,18,38,6,8,60,87,17,48,19,31,6,8,14,14,36,79,96,166
39,2017-540-pf39-j267,183,12,5,73,131,61,73,34,58,4,6,95,131,10,76,49,81,4,12,22,22,59,157,154,288
39,2017-540-mc65-bc72,95,8,1,51,85,41,51,27,34,4,4,68,85,25,73,6,14,3,7,16,15,31,87,99,172
39,2017-540-ma30-f724,116,8,2,58,90,47,58,17,32,1,1,64,90,15,50,26,49,4,6,15,15,41,99,105,189
39,2017-540-sm25-gd64,134,12,3,61,113,50,61,35,52,2,4,85,113,19,65,22,50,3,5,21,19,41,115,126,228
39,2017-540-bd06-h804,98,6,0,52,72,40,52,13,20,3,3,53,72,18,50,23,34,6,11,12,12,41,84,94,156
39,2017-540-me82-l397,135,12,2,68,102,51,68,16,34,5,7,67,102,19,49,31,54,7,11,16,17,50,103,117,205
39,2017-540-h996-ke17,65,10,1,33,51,27,33,13,18,0,0,40,51,17,38,4,20,2,3,10,9,21,58,61,109
39,2017-540-bh09-k336,265,27,5,130,202,108,130,50,72,8,8,158,202,20,126,30,71,1,5,31,31,50,197,208,399
39,2017-540-f401-g628,174,1,5,85,130,59,85,30,45,5,6,89,130,24,71,20,49,4,11,20,19,44,120,133,250
39,2017-540-i186-fb98,91,25,0,64,83,58,64,11,19,0,0,69,83,12,50,9,28,2,2,16,15,21,78,90,161
39,2017-540-q927-f586,121,14,2,60,99,46,60,24,39,8,10,70,99,26,69,24,47,5,12,16,16,50,116,120,215
39,2017-540-z168-ta46,84,18,3,48,64,46,48,10,16,0,0,56,64,29,78,9,23,4,9,14,15,38,101,94,165
39,2017-540-j386-kc29,117,12,2,63,100,46,63,26,37,5,5,72,100,22,59,7,27,3,7,16,15,29,86,101,186
39,2017-540-r772-tc61,145,3,4,86,115,59,86,15,29,5,6,74,115,16,56,23,44,3,4,16,16,39,100,113,215
39,2017-540-f510-t315,93,10,6,42,68,32,42,13,26,1,3,45,68,32,66,16,23,8,18,12,13,48,89,93,157
39,2017-540-d683-kd46,183,17,3,91,125,68,91,20,34,2,4,88,125,14,73,31,56,3,12,20,20,45,129,133,254
39,2017-540-a678-v306,176,25,4,97,128,78,97,15,31,1,3,93,128,17,85,27,54,1,4,21,20,44,139,137,267
39,2017-540-ke29-kb54,154,12,5,81,133,57,81,24,52,4,10,81,133,22,86,24,48,5,10,22,22,46,134,127,267
39,2017-540-b837-w503,100,17,2,44,78,43,44,16,34,0,0,59,78,16,58,11,27,4,10,14,15,27,85,86,163
39,2017-540-a829-bf23,212,4,3,110,154,72,110,28,44,7,11,100,154,38,120,35,64,4,21,22,22,73,184,173,338
39,2017-540-bg23-b884,138,2,3,64,100,47,64,19,36,2,4,66,100,21,58,23,45,5,11,15,14,44,103,110,203
39,2017-540-l503-z184,222,10,4,88,153,66,88,34,65,8,11,100,153,22,82,26,60,3,6,23,23,48,142,148,295
39,2017-540-be54-h355,160,6,3,92,129,62,92,24,37,7,9,86,129,27,81,32,62,5,21,19,19,59,143,145,272
39,2017-540-ba98-l575,124,5,1,63,93,45,63,17,30,0,4,62,93,23,62,14,31,5,8,18,17,37,93,99,186
39,2017-540-ba65-sh90,120,15,7,80,112,62,80,21,32,1,3,83,112,16,81,19,40,3,6,20,21,35,121,118,233
39,2017-540-d632-be90,186,10,1,88,145,57,88,32,57,8,14,89,145,38,98,21,50,7,14,23,23,59,148,148,293
39,2017-540-dc58-t742,15,2,0,3,8,3,3,5,5,0,0,8,8,6,10,6,7,3,5,2,3,12,17,20,25
39,2017-540-d923-o376,75,1,4,43,68,32,43,13,25,2,3,45,68,20,34,19,27,9,11,10,11,39,61,84,129
39,2017-540-e831-w579,123,8,5,48,97,42,48,27,49,1,2,69,97,25,68,21,35,6,15,17,17,46,103,115,200
39,2017-540-g967-ca99,137,5,4,61,111,44,61,32,50,5,7,76,111,29,82,25,53,4,14,18,18,54,135,130,246
39,2017-540-g858-e224,88,8,4,44,67,38,44,9,23,6,6,47,67,20,40,19,28,7,11,11,11,39,68,86,135
39,2017-540-h940-cg80,140,16,5,57,110,51,57,24,53,2,4,75,110,19,66,19,44,3,6,17,17,38,110,113,220
39,2017-540-j397-su55,145,5,6,75,125,66,75,23,50,8,9,89,125,12,73,18,40,2,11,20,20,30,113,119,238
39,2017-540-k926-da81,168,11,0,91,124,68,91,19,33,7,9,87,124,28,82,23,49,4,7,20,20,51,131,138,255
39,2017-540-l987-te51,120,4,3,69,100,50,69,21,31,5,5,71,100,10,49,23,41,3,8,15,15,33,90,104,190
39,2017-540-mb02-t840,17,2,0,13,17,13,13,3,4,0,0,16,17,7,11,5,12,2,6,4,3,12,23,28,40
39,2017-540-mj08-w630,186,8,1,103,152,82,103,25,49,6,8,107,152,14,78,27,60,2,9,22,21,41,138,148,290
39,2017-540-o513-bd20,105,4,4,52,79,39,52,17,27,4,4,56,79,15,37,27,52,5,17,13,12,42,89,98,168
39,2017-540-pd31-sc73,139,15,6,94,141,68,94,19,47,7,12,87,141,36,92,19,41,6,9,20,21,55,133,142,274
39,2017-540-pg32-e873,125,14,5,70,103,59,70,17,33,2,3,76,103,32,73,23,54,8,18,17,18,55,127,131,230
39,2017-540-re44-ta12,208,10,5,107,168,76,107,31,61,5,10,107,168,30,98,36,74,6,15,26,26,66,172,173,340
39,2017-540-r685-l949,122,7,8,72,125,57,72,31,53,6,7,88,125,14,70,28,49,3,6,21,20,42,119,130,244
39,2017-540-sc56-g710,153,0,3,94,141,69,94,23,47,9,12,92,141,16,60,22,46,5,5,21,20,38,106,130,247
39,2017-540-sa93-gb93,99,7,2,48,87,41,48,20,39,3,5,61,87,18,51,25,43,7,17,16,16,43,94,104,181
39,2017-540-sd32-j551,134,5,4,45,95,38,45,29,50,7,8,67,95,27,75,29,50,4,15,15,15,56,125,123,220
39,2017-540-sc77-b747,156,17,8,67,129,53,67,31,62,6,10,84,129,18,62,19,42,5,9,19,18,37,104,121,233
39,2017-540-se73-k964,127,3,2,68,98,53,68,15,30,4,4,68,98,14,53,24,37,4,10,14,13,38,90,106,188
39,2017-540-td51-h756,148,15,4,81,131,56,81,30,50,4,8,86,131,24,88,22,43,5,11,21,21,46,131,132,262
39,2017-540-v708-me89,204,5,5,97,148,73,97,22,51,8,12,95,148,22,78,29,54,8,11,23,23,51,132,146,280
39,2017-540-y124-i165,132,5,5,68,108,55,68,22,40,1,2,77,108,18,69,13,35,3,5,19,19,31,104,108,212
39,2017-540-y061-m873,130,5,4,75,112,51,75,18,37,11,13,69,112,16,53,24,37,6,8,15,15,40,90,109,202
39,2017-540-g967-l797,87,10,1,44,68,44,44,14,24,0,0,58,68,18,62,24,41,5,15,14,15,42,103,100,171
39,2017-540-r685-kc86,165,4,7,79,127,56,79,22,48,8,12,78,127,34,90,33,62,6,26,19,19,67,152,145,279
39,2017-540-me89-w521,117,20,2,70,92,55,70,13,22,2,2,68,92,12,55,24,35,3,6,15,14,36,90,104,182
39,2017-540-re44-m850,156,14,7,71,120,56,71,23,49,2,6,79,120,23,88,24,46,4,10,19,20,47,134,126,254
39,2017-540-sc77-i230,272,40,3,112,185,92,112,37,73,14,16,129,185,35,119,29,61,5,13,29,28,64,180,193,365
39,2017-540-ta12-pb22,196,14,6,91,152,65,91,25,61,12,19,90,152,31,104,36,63,8,22,24,25,67,167,157,319
39,2017-540-bc72-bk92,166,8,2,118,163,89,118,33,45,9,11,122,163,23,116,34,57,4,11,29,29,57,173,179,336
39,2017-540-be54-mi43,109,8,2,51,68,44,51,11,17,0,2,55,68,35,82,16,31,6,14,15,16,51,113,106,181
39,2017-540-fb98-me31,94,19,0,59,83,51,59,14,24,0,0,65,83,17,54,10,26,3,7,16,15,27,80,92,163
39,2017-540-ba98-s483,90,7,1,52,70,42,52,11,18,2,3,53,70,25,47,12,26,6,10,13,12,37,73,90,143
39,2017-540-j551-n674,133,20,3,78,113,61,78,22,35,1,2,83,113,18,80,27,47,3,7,20,19,45,127,128,240
39,2017-540-gd64-sj55,219,10,4,120,182,99,120,36,62,5,8,135,182,40,155,26,54,3,16,32,32,66,209,201,391
39,2017-540-o513-ci14,192,11,0,106,147,80,106,20,41,3,6,100,147,18,82,48,90,5,14,24,23,66,172,166,319
39,2017-540-w630-kb09,179,25,6,96,151,76,96,30,55,10,14,106,151,22,82,23,58,4,8,24,24,45,140,151,291
39,2017-540-te51-da86,186,18,2,79,122,64,79,28,43,2,5,92,122,33,113,24,46,4,17,24,24,57,159,149,281
39,2017-540-l797-a622,83,12,3,47,75,40,47,15,28,4,4,55,75,8,39,12,25,1,1,11,11,20,64,75,139
39,2017-540-me31-sl08,97,3,2,53,84,39,53,17,31,8,8,56,84,13,52,15,24,2,5,10,10,28,76,84,160
39,2017-540-re44-mg47,109,5,5,66,94,48,66,13,28,6,7,61,94,23,58,18,42,4,13,13,14,41,100,102,194
39,2017-540-w579-g681,178,10,2,88,129,70,88,28,41,3,4,98,129,20,90,23,43,4,11,21,20,43,133,141,262
39,2017-540-w579-sc47,62,4,1,25,44,22,25,12,19,1,1,34,44,17,41,11,16,4,11,8,8,28,57,62,101
39,2017-540-me89-b896,144,11,6,66,105,46,66,21,39,8,12,67,105,19,70,25,45,3,7,16,15,44,115,111,220
39,2017-540-kc86-ka98,95,2,2,51,75,37,51,15,24,4,6,52,75,19,60,17,29,4,15,13,13,36,89,88,164
39,2017-540-sc77-q941,75,8,4,39,65,34,39,14,26,3,3,48,65,17,44,9,22,2,7,11,10,26,66,74,131
39,2017-540-pb22-n503,70,3,1,41,60,32,41,11,19,0,1,43,60,15,45,12,16,3,7,11,10,27,61,70,121
39,2017-540-j551-k776,150,9,0,89,121,57,89,25,32,2,4,82,121,17,76,16,40,3,5,21,21,33,116,115,237
39,2017-540-be54-bk19,105,3,3,63,90,47,63,15,27,4,5,62,90,20,66,13,27,2,6,14,14,33,93,95,183
39,2017-540-bk92-mm79,64,11,2,37,64,29,37,16,27,3,4,45,64,19,45,5,17,3,3,11,11,24,62,69,126
39,2017-540-m850-g585,63,5,1,35,54,28,35,12,19,2,2,40,54,13,33,7,13,3,6,9,8,20,46,60,100
39,2017-540-fb98-g892,45,9,1,27,39,23,27,9,12,0,0,32,39,10,29,13,20,4,9,8,8,23,49,55,88
39,2017-540-gd64-f811,130,14,11,87,130,65,87,16,43,7,9,81,130,22,70,17,37,4,9,17,17,39,107,120,237
39,2017-540-g967-mm66,81,15,1,44,83,36,44,18,39,3,3,54,83,14,51,16,27,1,3,11,10,30,78,84,161
39,2017-540-ta12-hb64,72,2,1,39,65,29,39,13,26,5,6,42,65,13,31,13,17,5,7,9,9,26,48,68,113
39,2017-540-mi43-c813,77,6,1,43,61,32,43,13,18,5,5,45,61,14,41,11,19,3,4,10,10,25,60,70,121
39,2017-540-n674-ke64,70,3,2,35,63,30,35,15,28,2,2,45,63,10,41,13,18,3,5,10,10,23,59,68,122
39,2017-540-ba98-mb53,90,8,0,39,55,35,39,5,16,1,2,40,55,21,52,13,25,3,11,10,10,34,77,74,132
39,2017-540-bc72-hb48,67,5,2,39,58,30,39,10,19,1,2,40,58,12,37,11,21,3,7,10,10,23,58,63,116
39,2017-540-ci14-y218,91,5,5,38,70,32,38,15,32,0,1,47,70,9,41,21,38,2,5,11,11,30,79,77,149
39,2017-540-da86-kc04,109,20,1,53,72,45,53,13,19,2,3,58,72,17,61,11,29,2,8,15,15,28,90,86,162
39,2017-540-g681-z189,72,3,1,35,60,26,35,14,25,3,5,40,60,9,35,22,35,4,10,11,10,31,70,71,130
39,2017-540-i230-dh58,88,3,4,39,68,27,39,15,29,7,8,42,68,17,40,15,28,4,7,9,9,32,68,74,136
39,2017-540-kb09-bh76,40,6,0,21,37,19,21,10,16,1,1,29,37,11,24,14,19,5,8,7,7,25,43,54,80
39,2017-540-o513-z246,75,2,0,47,62,29,47,11,15,3,5,40,62,13,38,18,25,4,13,10,9,31,63,71,125
39,2017-540-r685-r548,80,5,3,46,75,31,46,15,29,3,5,46,75,24,58,10,21,4,13,11,12,34,79,80,154
39,2017-540-s483-d916,102,3,4,61,92,36,61,17,31,4,8,53,92,17,48,13,28,5,6,14,14,30,76,83,168
39,2017-540-sj55-mk66,114,8,2,74,107,58,74,19,33,3,3,77,107,16,57,9,28,2,3,16,15,25,85,102,192
39,2017-540-w630-sf62,111,12,3,69,95,56,69,16,26,3,3,72,95,14,62,12,30,2,5,16,16,26,92,98,187
39,2017-540-te51-h997,104,4,2,47,77,40,47,16,30,0,1,56,77,18,60,16,34,1,9,12,12,34,94,90,171
39,2017-540-w521-bi23,127,17,7,48,96,43,48,27,48,1,2,70,96,18,63,21,48,3,12,16,16,39,111,109,207
39,2017-540-s483-g983,90,8,1,60,82,46,60,15,22,3,4,61,82,19,68,18,36,2,9,15,14,37,104,98,186
39,2017-540-te51-g725,97,9,0,49,84,40,49,17,35,6,8,57,84,12,50,10,24,2,5,14,13,22,74,79,158
39,2017-540-sl08-mp01,82,8,0,41,58,32,41,13,17,1,2,45,58,12,38,15,29,3,9,11,10,27,67,72,125
39,2017-540-l797-mi01,64,7,2,25,52,22,25,17,27,1,1,39,52,11,31,12,25,3,3,9,9,23,56,62,108
39,2017-540-re44-d985,58,9,3,41,58,31,41,8,17,2,2,39,58,14,37,10,20,3,10,9,9,24,57,63,115
39,2017-540-sc47-ca33,160,2,2,76,131,54,76,27,55,10,13,81,131,15,67,26,45,4,5,18,19,41,112,122,243
39,2017-540-bh76-k834,42,2,1,22,34,15,22,8,12,0,0,23,34,12,25,10,11,4,8,5,5,22,36,45,70
39,2017-540-kc86-ga79,64,2,1,21,43,16,21,12,22,1,3,28,43,17,33,14,21,6,10,8,8,31,54,59,97
39,2017-540-hb48-v495,188,13,7,105,156,72,105,22,51,9,14,94,156,23,81,30,65,4,9,22,22,53,146,147,302
39,2017-540-me89-kb05,89,13,1,39,64,36,39,19,25,0,0,55,64,13,51,14,31,1,6,12,12,27,82,82,146
39,2017-540-sc77-d750,60,10,4,24,52,22,24,17,28,2,3,39,52,10,37,8,13,3,7,10,9,18,50,57,102
39,2017-540-be54-lc11,97,2,3,60,80,39,60,10,20,7,9,49,80,22,56,16,29,5,7,12,13,38,85,87,165
39,2017-540-z246-mn13,85,6,1,60,86,46,60,12,26,7,7,58,86,6,32,5,20,1,1,11,10,11,52,69,138
39,2017-540-sj55-db63,138,4,0,66,97,54,66,10,31,7,9,64,97,20,58,24,46,6,13,14,14,44,104,108,201
39,2017-540-pb22-ta29,88,4,1,40,67,31,40,16,27,1,2,47,67,8,34,22,37,3,9,10,10,30,71,77,138
39,2017-540-k776-da67,68,9,0,39,52,31,39,10,13,0,1,41,52,13,37,13,28,3,6,10,10,26,65,67,117
39,2017-540-r548-o522,93,8,2,65,91,50,65,15,26,8,8,65,91,12,49,8,27,0,0,12,12,20,76,85,167
39,2017-540-dh58-m762,124,5,8,54,102,34,54,27,48,9,11,61,102,20,61,20,35,3,15,13,13,40,96,101,198
39,2017-540-bk92-g676,39,7,4,25,40,20,25,10,15,0,1,30,40,16,24,8,11,5,6,8,7,24,35,54,75
39,2017-540-m850-ra82,90,17,0,42,63,36,42,12,21,3,3,48,63,14,42,17,35,2,5,10,10,31,77,79,140
39,2017-540-f811-mn20,27,2,2,13,28,10,13,9,15,1,1,19,28,12,20,0,3,2,3,4,4,12,23,31,51
39,2017-540-fb98-c582,98,17,3,44,81,37,44,18,37,2,4,55,81,19,54,15,30,5,7,14,14,34,84,89,165
39,2017-540-g967-be67,48,4,0,27,45,22,27,7,18,1,2,29,45,12,22,16,26,6,7,7,8,28,48,57,93
39,2017-540-w630-r612,125,18,3,64,113,45,64,22,49,15,19,67,113,12,56,27,40,4,11,16,15,39,96,106,209
39,2017-540-hb64-sy31,76,6,3,38,68,30,38,16,30,4,5,46,68,14,42,10,20,3,6,11,11,24,62,70,130
39,2017-540-g681-sk67,90,6,1,42,73,33,42,22,31,2,2,55,73,10,47,11,27,1,4,12,12,21,74,76,147
39,2017-540-mi43-ce77,49,2,2,35,45,26,35,4,10,0,1,30,45,20,41,10,12,6,11,7,8,30,53,60,98
39,2017-540-mb53-k839,141,4,1,64,103,40,64,21,39,16,19,61,103,17,50,18,39,4,7,14,14,35,89,96,192
39,2017-540-y218-le01,63,8,2,33,56,27,33,11,23,4,4,38,56,10,25,15,30,4,6,8,9,25,55,63,111
39,2017-540-kc04-cf59,94,3,1,42,67,35,42,16,25,1,1,51,67,16,55,9,19,1,3,11,11,25,74,76,141
39,2017-540-w521-mf35,73,9,5,45,68,35,45,15,23,2,2,50,68,7,36,10,23,2,3,12,12,17,59,67,127
39,2017-540-ke64-pg94,89,3,3,48,75,33,48,11,27,4,7,44,75,23,47,8,21,5,10,11,11,31,68,75,143
39,2017-540-a622-sf41,109,8,1,47,81,35,47,23,34,2,4,58,81,13,52,16,29,3,7,15,14,29,81,87,162
39,2017-540-b896-u134,91,11,2,45,72,37,45,16,27,0,1,53,72,14,51,11,29,2,6,14,14,25,80,78,152
39,2017-540-ba98-g940,150,3,1,84,119,62,84,25,35,2,4,87,119,14,74,21,46,1,3,20,20,35,120,122,239
39,2017-540-bk19-kc12,81,7,1,44,59,33,44,8,15,1,2,41,59,12,40,14,23,3,6,10,9,26,63,67,122
39,2017-540-bc72-o449,60,8,2,31,51,28,31,12,20,0,0,40,51,7,34,13,24,2,5,10,10,20,58,60,109
39,2017-540-bi23-d499,55,2,0,27,50,19,27,14,23,1,2,33,50,11,30,7,11,4,5,9,8,18,41,51,91
39,2017-540-c813-o408,115,11,2,52,83,42,52,19,31,0,1,61,83,15,59,10,28,2,5,14,15,25,87,86,170
39,2017-540-ci14-a853,71,6,7,25,66,17,25,24,41,4,6,41,66,12,30,12,21,4,5,10,9,24,51,65,117
39,2017-540-da86-bd80,105,9,2,62,83,47,62,12,21,0,0,59,83,13,46,12,33,1,3,12,12,25,79,84,162
39,2017-540-d916-sj22,84,2,2,42,56,33,42,8,14,0,0,41,56,13,41,11,24,2,4,10,10,24,65,65,121
39,2017-540-gd64-q948,72,10,3,39,66,25,39,15,27,6,8,40,66,20,42,10,22,4,10,10,9,30,64,70,130
39,2017-540-g892-sn77,115,6,4,48,77,34,48,16,29,2,4,50,77,31,73,27,47,7,16,13,14,58,120,108,197
39,2017-540-g585-mi33,62,3,1,31,47,25,31,9,16,0,0,34,47,10,32,19,25,4,8,8,8,29,57,63,104
39,2017-540-h997-gb53,85,13,1,35,56,27,35,12,21,0,0,39,56,19,57,25,41,3,9,9,10,44,98,83,154
39,2017-540-i230-ph42,66,6,2,41,58,30,41,9,17,2,2,39,58,10,31,18,27,4,9,8,8,28,58,67,116
39,2017-540-j551-gd08,49,5,2,26,41,23,26,7,15,0,1,30,41,12,26,14,22,5,8,8,8,26,48,56,89
39,2017-540-ka98-kf17,78,6,1,45,69,34,45,13,24,6,6,47,69,11,37,16,27,2,7,10,9,27,64,74,133
39,2017-540-kb09-sq80,165,14,4,92,151,69,92,34,59,7,9,103,151,13,72,26,59,3,5,24,24,39,131,142,282
39,2017-540-mk66-cb14,71,0,1,37,55,29,37,10,18,2,3,39,55,11,27,14,26,4,7,10,9,25,53,64,108
39,2017-540-me31-n679,124,3,3,55,96,40,55,25,41,4,6,65,96,13,52,22,43,3,7,15,15,35,95,100,191
39,2017-540-mg47-r383,154,13,7,63,120,47,63,23,57,7,11,70,120,23,63,26,49,6,9,16,15,49,112,119,232
39,2017-540-mm66-la93,65,4,6,34,55,29,34,13,21,2,2,42,55,8,32,14,28,2,7,10,9,22,60,64,115
39,2017-540-mm79-j400,74,5,4,41,62,33,41,8,21,2,3,41,62,13,41,13,22,3,8,10,10,26,63,67,125
39,2017-540-n503-pc33,17,1,0,11,12,11,11,1,1,0,0,12,12,8,9,0,1,2,2,3,2,8,10,20,22
39,2017-540-n674-w571,75,14,2,35,62,30,35,18,27,1,2,48,62,14,48,17,31,2,4,11,11,31,79,79,141
39,2017-540-o513-cg33,156,14,6,82,131,63,82,25,49,6,8,88,131,18,84,23,44,2,9,19,20,41,128,129,259
39,2017-540-q941-ca71,111,6,6,56,94,40,56,15,38,12,15,55,94,19,56,25,36,6,12,13,13,44,92,99,186
39,2017-540-r685-j380,93,16,2,49,79,40,49,20,30,2,3,60,79,17,62,11,27,1,6,12,12,28,89,88,168
39,2017-540-sf62-mh16,92,8,5,43,87,34,43,19,44,13,15,53,87,15,39,14,26,4,13,10,10,29,65,82,152
39,2017-540-ta12-ce25,90,5,2,33,66,25,33,19,33,3,5,44,66,15,42,17,31,4,12,11,10,32,73,76,139
39,2017-540-w579-gc89,96,6,2,63,94,48,63,11,31,8,11,59,94,13,56,15,25,3,3,14,14,28,81,87,175
39,2017-540-z189-i305,131,6,3,80,119,53,80,22,39,10,13,75,119,9,55,20,43,3,7,15,16,29,98,104,217
40,2017-316-f401-d801,86,3,2,44,66,31,44,13,22,4,5,44,66,23,51,9,23,3,8,10,10,32,74,76,140
40,2017-316-d801-kb54,64,8,4,44,60,36,44,6,16,5,5,42,60,15,37,9,19,3,6,9,8,24,56,66,116
40,2017-316-f401-v306,130,2,3,55,84,40,55,19,29,2,3,59,84,19,55,27,52,5,12,14,15,46,107,105,191
40,2017-316-v306-r772,85,5,2,28,47,24,28,13,19,1,1,37,47,18,48,17,26,3,13,9,8,35,74,72,121
40,2017-316-d801-ke29,120,3,5,58,97,40,58,22,39,4,8,62,97,14,59,22,47,3,7,16,17,36,106,98,203
40,2017-316-f401-l949,162,3,8,74,119,50,74,20,45,9,14,70,119,27,76,23,44,4,18,17,16,50,120,120,239
40,2017-316-kb54-sm37,67,5,1,34,47,27,34,7,13,1,2,34,47,13,36,10,18,4,7,9,9,23,54,57,101
40,2017-316-kb54-cd85,129,6,3,51,83,37,51,16,32,5,8,53,83,23,64,28,47,3,17,13,12,51,111,104,194
40,2017-316-ke29-g858,158,5,8,54,106,46,54,26,52,4,5,72,106,9,49,27,56,1,8,16,15,36,105,108,211
40,2017-316-l949-c882,68,6,2,37,56,26,37,7,19,1,4,33,56,10,27,19,27,5,10,10,9,29,54,62,110
40,2017-316-r772-mj08,130,3,3,47,87,32,47,24,40,6,8,56,87,16,59,17,30,3,5,14,14,33,89,89,176
40,2017-316-f401-ba65,55,1,0,28,43,24,28,9,15,2,2,33,43,16,34,9,18,4,4,8,9,25,52,58,95
40,2017-316-d801-z184,89,5,0,31,56,26,31,10,25,2,4,36,56,20,47,18,34,4,10,10,10,38,81,74,137
40,2017-316-sm37-o376,84,1,2,44,73,25,44,18,29,6,8,43,73,13,27,13,20,5,8,9,8,26,47,69,120
40,2017-316-v306-bf23,73,2,3,34,51,26,34,8,17,2,3,34,51,15,40,12,16,5,9,8,9,27,56,61,107
40,2017-316-v306-y218,120,6,1,57,87,44,57,18,30,4,5,62,87,13,49,22,48,2,9,15,14,35,97,97,184
40,2017-316-sm37-mn13,61,3,1,27,42,20,27,10,15,0,1,30,42,19,37,12,21,5,11,8,8,31,58,61,100
40,2017-316-f401-d874,105,1,6,37,77,25,37,19,40,11,14,44,77,25,48,13,25,5,15,10,9,38,73,82,150
40,2017-316-z184-bg23,65,9,0,37,45,29,37,7,8,0,0,36,45,21,51,11,20,3,4,9,9,32,71,68,116
40,2017-316-bf23-h355,149,8,4,64,100,49,64,19,36,6,7,68,100,31,77,22,44,4,18,15,14,53,121,121,221
40,2017-316-ba65-bd20,72,0,1,37,61,26,37,12,24,1,3,38,61,12,29,11,23,4,7,10,9,23,52,61,113
40,2017-316-d801-md56,61,5,0,42,60,31,42,12,18,2,2,43,60,15,37,6,9,3,7,9,8,21,46,64,106
40,2017-316-g858-d981,118,7,6,40,88,29,40,27,48,4,7,56,88,17,51,24,37,5,15,14,13,41,88,97,176
40,2017-316-kb54-sl28,65,1,1,25,48,21,25,13,23,0,1,34,48,10,38,18,23,4,8,9,10,28,61,62,109
40,2017-316-mj08-l987,41,2,1,18,25,16,18,2,7,0,1,18,25,10,23,5,8,2,4,5,4,15,31,33,56
40,2017-316-l949-y268,144,2,5,58,87,41,58,11,29,9,13,52,87,34,74,15,29,5,12,12,12,49,103,101,190
40,2017-316-o376-m850,67,4,2,34,47,29,34,9,13,2,2,38,47,7,25,17,30,3,4,9,9,24,55,62,102
40,2017-316-d981-r419,80,5,3,27,50,20,27,16,23,2,3,36,50,20,53,17,23,4,13,9,9,37,76,73,126
40,2017-316-mn13-hb48,53,2,0,24,37,19,24,10,13,0,1,29,37,16,31,9,15,5,9,8,8,25,46,54,83
40,2017-316-d874-r612,65,4,4,33,54,28,33,10,21,1,1,38,54,10,23,12,26,3,5,9,8,22,49,60,103
40,2017-316-md56-m850,115,6,1,56,77,37,56,11,21,4,6,48,77,15,50,21,36,4,8,12,13,36,86,84,163
40,2017-316-d874-e688,88,3,6,41,66,30,41,14,25,4,5,44,66,10,36,15,26,3,7,10,10,25,62,69,128
40,2017-316-d981-sp25,125,6,1,51,85,37,51,17,34,0,3,54,85,25,61,23,51,4,11,15,15,48,112,102,197
40,2017-316-mn13-ge03,60,2,0,39,52,30,39,7,13,2,2,37,52,10,25,10,17,4,10,8,7,20,42,57,94
40,2017-316-m850-ab12,59,3,4,20,46,16,20,18,26,2,2,34,46,11,26,13,22,4,5,8,8,24,48,58,94
40,2017-316-r612-lb66,60,1,0,32,42,21,32,6,10,0,1,27,42,8,23,22,36,5,10,7,8,30,59,57,101
40,2017-316-r419-bk19,36,2,0,12,21,8,12,7,9,2,2,15,21,6,14,4,4,2,3,3,3,10,18,25,39
40,2017-316-md56-lc11,179,1,4,77,120,57,77,25,43,4,5,82,120,25,81,14,31,3,8,16,16,39,112,121,232
40,2017-316-hb48-cg33,81,3,5,32,65,25,32,17,33,4,5,42,65,13,37,8,18,3,8,10,9,21,55,63,120
41,2017-315-i186-e690,75,17,0,41,61,37,41,12,20,0,0,49,61,10,39,10,23,1,1,11,10,20,62,69,123
41,2017-315-i186-n674,74,20,3,36,52,31,36,9,16,0,0,40,52,9,33,17,35,2,5,10,10,26,68,66,120
41,2017-315-e690-g967,63,6,5,35,53,26,35,8,18,0,2,34,53,8,25,22,35,5,11,9,9,30,60,64,113
41,2017-315-i186-f811,73,15,1,27,49,22,27,16,22,0,0,38,49,19,38,10,29,3,7,9,9,29,67,67,116
41,2017-315-g967-k336,146,12,9,63,128,56,63,37,65,3,3,93,128,7,69,23,50,0,0,18,18,30,119,123,247
41,2017-315-e690-k839,162,6,11,62,109,50,62,19,47,5,8,69,109,22,68,26,56,3,16,16,16,48,124,117,233
41,2017-315-f811-h996,130,4,8,55,108,41,55,28,53,9,11,69,108,12,50,18,32,4,5,15,15,30,82,99,190
41,2017-315-i186-g940,62,13,1,34,45,31,34,5,11,0,0,36,45,10,32,15,27,3,7,9,9,25,59,61,104
41,2017-315-k336-kb09,67,16,7,27,60,22,27,18,33,1,2,40,60,10,34,7,16,3,4,10,10,17,50,57,110
41,2017-315-k839-me82,110,2,1,33,71,26,33,23,38,1,2,49,71,17,54,14,27,2,2,12,12,31,81,80,152
41,2017-315-h996-mb53,132,3,10,63,105,41,63,22,42,11,15,63,105,17,50,12,28,4,4,15,14,29,78,92,183
41,2017-315-e690-l797,63,3,2,39,52,34,39,9,13,0,0,43,52,10,31,16,30,2,4,10,9,26,61,69,113
41,2017-315-f811-sq80,109,7,5,52,96,39,52,20,44,3,6,59,96,14,50,20,35,4,7,14,14,34,85,93,181
41,2017-315-n674-d499,50,9,2,24,45,22,24,16,21,1,1,38,45,8,28,11,19,3,4,9,8,19,47,57,92
41,2017-315-g967-k776,105,5,6,40,90,28,40,25,50,5,9,53,90,9,41,23,44,4,9,14,14,32,85,85,175
41,2017-315-k776-e224,68,5,1,32,54,27,32,14,22,0,0,41,54,13,38,7,19,2,3,10,10,20,57,61,111
41,2017-315-l797-o522,88,13,3,31,59,28,31,22,28,0,0,50,59,14,45,17,42,1,5,11,11,31,87,81,146
41,2017-315-f811-me89,139,3,8,64,106,40,64,18,42,9,15,58,106,9,48,32,49,5,9,14,15,41,97,99,203
41,2017-315-d499-sl08,118,9,2,68,96,56,68,13,28,3,4,69,96,14,56,18,29,4,9,15,14,32,85,101,181
41,2017-315-e690-r548,65,2,6,39,66,28,39,14,27,4,5,42,66,8,20,14,25,4,9,9,8,22,45,64,111
41,2017-315-g967-kd35,51,9,3,32,48,24,32,7,16,1,4,31,48,14,32,16,24,6,8,9,9,30,56,61,104
41,2017-315-g940-ka00,134,23,13,63,112,53,63,25,49,3,4,78,112,16,72,10,23,2,3,17,16,26,95,104,207
41,2017-315-k839-fb98,68,2,5,32,53,25,32,10,21,2,4,35,53,10,29,20,28,5,7,9,9,30,57,65,110
41,2017-315-kb09-kc12,128,3,4,54,89,38,54,18,35,7,10,56,89,20,50,25,43,6,13,14,14,45,93,101,182
41,2017-315-mb53-ke64,90,7,2,42,71,35,42,15,29,2,2,50,71,8,35,13,27,2,6,10,10,21,62,71,133
41,2017-315-n674-c582,58,7,2,25,45,24,25,10,20,0,0,34,45,8,27,15,21,4,5,8,8,23,48,57,93
41,2017-315-sq80-mp01,54,4,2,31,49,24,31,10,18,0,1,34,49,14,27,9,16,5,7,8,7,23,43,57,92
41,2017-315-e690-rb56,111,6,6,71,110,47,71,21,39,9,12,68,110,20,56,20,35,5,12,15,14,40,91,108,201
41,2017-315-g940-bt45,64,7,8,33,61,26,33,17,28,3,3,43,61,12,29,11,23,3,5,9,9,23,52,66,113
41,2017-315-d499-w630,120,3,1,57,96,45,57,23,39,2,3,68,96,16,67,16,34,1,5,15,15,32,101,100,197
41,2017-315-ka00-sj55,76,4,1,52,63,37,52,9,11,2,2,46,63,15,43,12,30,2,7,10,10,27,73,73,136
41,2017-315-rb56-e865,97,2,0,45,75,32,45,22,30,3,4,54,75,13,49,25,45,3,8,13,13,38,94,92,169
41,2017-315-g940-bf98,54,14,3,20,40,20,20,12,20,0,0,32,40,10,35,16,22,4,6,8,9,26,57,58,97
41,2017-315-ka00-sf62,78,1,2,39,62,32,39,15,23,0,1,47,62,10,29,14,34,2,4,11,10,24,63,71,125
41,2017-315-w630-kb37,63,9,6,32,61,25,32,16,29,4,5,41,61,14,28,13,21,5,9,9,9,27,49,68,110
41,2017-315-bt45-mg47,97,7,7,42,86,30,42,22,44,5,7,52,86,10,40,22,36,3,5,11,11,32,76,84,162
41,2017-315-sj55-bi81,62,4,3,30,48,26,30,12,18,0,0,38,48,10,39,16,26,3,7,9,10,26,65,64,113
41,2017-315-e690-k964,93,2,4,32,60,24,32,18,28,1,3,42,60,13,41,25,43,5,11,12,13,38,84,80,144
41,2017-315-d499-a853,114,3,3,63,94,40,63,15,31,7,10,55,94,14,42,23,39,5,8,13,13,37,81,92,175
42,2017-439-re44-l503,76,2,0,35,56,27,35,11,21,0,1,38,56,12,35,12,19,4,7,9,9,24,54,62,110
42,2017-439-re44-d646,101,3,5,40,68,30,40,11,28,6,8,41,68,19,46,19,28,4,9,10,9,38,74,79,142
42,2017-439-l503-g983,156,3,1,56,90,35,56,18,34,3,7,53,90,28,58,18,36,6,15,14,13,46,94,99,184
42,2017-439-d646-gb88,93,5,2,35,56,26,35,12,21,2,4,38,56,18,45,12,22,4,9,11,10,30,67,68,123
42,2017-439-re44-f510,137,7,2,64,97,45,64,20,33,3,6,65,97,31,73,19,37,5,8,16,16,50,110,115,207
42,2017-439-l503-v708,130,4,0,53,76,36,53,12,23,3,7,48,76,15,42,23,47,4,8,14,14,38,89,86,165
42,2017-439-g983-sc73,171,7,1,80,105,53,80,15,25,8,11,68,105,23,68,26,47,6,17,16,16,49,115,117,220
42,2017-439-gb88-bd80,141,4,6,62,105,45,62,24,43,6,7,69,105,22,56,15,38,4,8,15,15,37,94,106,199
42,2017-439-f510-kc29,109,2,3,51,84,29,51,21,33,9,12,50,84,19,54,14,27,4,10,12,13,33,81,83,165
42,2017-439-sc73-mc65,137,5,3,65,105,46,65,18,40,8,12,64,105,21,64,22,40,4,13,16,15,43,104,107,209
42,2017-439-v708-a829,98,3,6,30,59,20,30,18,29,2,5,38,59,20,42,13,24,5,8,10,10,33,66,71,125
42,2017-439-l503-bh09,121,1,2,46,80,33,46,18,34,6,7,51,80,14,40,13,24,3,10,11,10,27,64,78,144
42,2017-439-d646-cf01,139,6,6,66,95,49,66,10,29,5,9,59,95,24,67,16,31,5,12,14,15,40,98,99,193
42,2017-439-re44-mf35,116,1,2,63,86,39,63,12,23,1,4,51,86,24,55,12,27,4,7,12,12,36,82,87,168
42,2017-439-cf01-sd32,99,1,4,39,71,29,39,16,32,1,3,45,71,15,40,14,24,5,11,12,11,29,64,74,135
42,2017-439-g983-d750,132,0,0,62,75,42,62,8,13,1,3,50,75,27,72,19,31,4,12,13,13,46,103,96,178
42,2017-439-a829-z246,72,1,1,30,50,24,30,11,20,2,2,35,50,17,36,10,17,4,10,8,8,27,53,62,103
42,2017-439-d750-pd31,123,0,1,65,76,39,65,4,11,3,8,43,76,16,55,47,66,8,20,13,14,63,121,106,197
42,2017-439-v708-gb93,77,2,3,29,51,23,29,13,22,1,1,36,51,12,32,15,26,4,7,8,8,27,58,63,109
42,2017-439-bd80-d923,128,2,5,73,111,42,73,20,38,7,11,62,111,21,58,11,25,3,6,14,13,32,83,94,194
42,2017-439-bh09-sh90,129,5,1,46,91,33,46,23,45,2,6,56,91,21,59,19,31,5,16,15,14,40,90,96,181
42,2017-439-d646-ca99,116,4,4,49,84,35,49,20,35,3,4,55,84,13,39,18,36,2,6,11,11,31,75,86,159
42,2017-439-sc73-ta29,63,4,1,18,38,14,18,16,20,3,3,30,38,14,27,16,28,5,11,7,8,30,55,60,93
42,2017-439-g983-pg94,179,7,3,75,112,48,75,21,37,11,14,69,112,24,67,33,60,5,17,16,15,57,127,126,239
42,2017-439-mf35-i165,84,0,3,44,66,28,44,11,22,9,10,39,66,17,34,11,17,5,10,8,9,28,51,67,117
42,2017-439-kc29-y061,92,0,0,42,64,29,42,13,22,1,2,42,64,23,53,9,22,4,7,10,11,32,75,74,139
42,2017-439-re44-b884,77,0,0,31,51,23,31,12,20,0,1,35,51,14,33,9,16,4,4,9,9,23,49,58,100
42,2017-439-bd80-re44,93,2,4,41,63,32,41,11,22,2,3,43,63,19,44,11,27,3,10,11,10,30,71,73,134
42,2017-439-d750-sf76,161,5,6,79,118,45,79,20,39,9,15,65,118,18,54,14,38,3,4,16,15,32,92,97,210
42,2017-439-z246-n679,91,10,3,31,62,25,31,17,31,1,3,42,62,14,34,16,29,4,9,11,10,30,63,72,125
42,2017-439-ta29-da67,84,3,0,36,54,28,36,11,18,4,4,39,54,18,49,15,27,3,12,9,9,33,76,72,130
42,2017-439-re44-sh91,82,0,5,33,56,25,33,13,23,3,4,38,56,15,34,12,22,4,6,9,9,27,56,65,112
42,2017-439-d750-v490,88,1,2,44,59,31,44,7,15,5,7,38,59,25,49,11,22,5,11,10,10,36,71,74,130
42,2017-439-ta29-s0cd,54,4,2,29,41,24,29,6,12,2,2,30,41,12,20,10,16,5,7,7,7,22,36,52,77
42,2017-439-n679-be68,90,3,2,46,72,28,46,15,26,6,9,43,72,10,33,17,22,5,7,11,10,27,55,70,127
42,2017-439-bd80-ph42,139,3,4,67,94,42,67,13,27,4,9,55,94,29,65,20,39,6,12,14,15,49,104,104,198
42,2017-439-sf76-l908,140,5,7,65,103,50,65,19,38,9,10,69,103,27,65,15,37,4,8,15,14,42,102,111,205
42,2017-439-z246-sp80,148,6,4,61,97,43,61,17,36,8,11,60,97,14,52,27,46,4,12,14,14,41,98,101,195
42,2017-439-da67-t868,140,1,3,58,93,37,58,22,35,7,10,59,93,29,70,15,31,5,12,14,15,44,101,103,194
43,2017-6116-i186-ma30,75,15,5,35,54,28,35,12,19,4,4,40,54,11,34,16,27,3,4,9,9,27,61,67,115
43,2017-6116-e831-sm25,88,4,0,28,46,23,28,12,18,0,1,35,46,13,34,16,23,4,9,9,8,29,57,64,103
43,2017-6116-i186-h940,108,23,1,54,78,46,54,14,24,0,1,60,78,9,46,14,34,1,2,12,12,23,80,83,158
43,2017-6116-h940-e831,122,9,2,58,90,49,58,17,32,2,3,66,90,16,58,16,32,3,7,16,15,32,90,98,180
43,2017-6116-h940-e865,55,7,1,34,43,26,34,7,9,0,0,33,43,12,32,18,26,4,12,8,7,30,58,63,101
43,2017-6116-i186-l797,74,13,0,44,58,38,44,7,14,1,1,45,58,5,29,11,26,2,2,11,11,16,55,61,113
43,2017-6116-ma30-pl56,70,16,1,37,61,28,37,12,24,4,4,40,61,16,34,4,10,4,6,8,8,20,44,60,105
43,2017-6116-sm25-sc56,71,5,4,37,58,31,37,9,21,6,6,40,58,14,39,8,20,3,6,9,10,22,59,62,117
43,2017-6116-i186-pd07,67,10,1,28,44,27,28,13,16,0,0,40,44,9,31,14,28,2,5,10,9,23,59,63,103
43,2017-6116-ma30-hb64,135,20,7,54,87,47,54,19,33,2,2,66,87,6,44,18,39,2,3,16,15,24,83,90,170
43,2017-6116-h940-mh30,166,11,7,64,115,48,64,30,51,5,7,78,115,22,77,21,48,3,17,18,18,43,125,121,240
43,2017-6116-e831-g967,121,12,5,50,93,36,50,21,43,4,7,57,93,10,47,21,42,3,5,15,15,31,89,88,182
43,2017-6116-l797-y124,59,3,1,22,44,19,22,14,22,0,0,33,44,8,29,16,22,4,10,8,8,24,51,57,95
43,2017-6116-e865-dc58,106,8,5,54,84,39,54,17,30,3,5,56,84,12,36,20,49,4,8,14,14,32,85,88,169
43,2017-6116-pl56-j267,139,8,2,67,96,49,67,14,29,2,4,63,96,10,50,28,47,5,12,15,16,38,97,101,193
43,2017-6116-e831-b837,85,2,1,24,53,21,24,23,29,0,0,44,53,7,37,21,33,2,5,11,10,28,70,72,123
43,2017-6116-y124-sf62,70,6,3,30,56,26,30,14,26,5,5,40,56,5,21,15,28,3,4,9,9,20,49,60,105
43,2017-6116-pl56-ch27,121,6,1,53,77,36,53,8,24,5,9,44,77,24,57,26,47,7,16,13,14,50,104,94,181
43,2017-6116-dc58-e873,57,2,3,20,42,16,20,16,22,0,0,32,42,16,33,8,17,4,6,8,8,24,50,56,92
43,2017-6116-e865-fb98,81,11,3,42,69,33,42,19,27,1,1,52,69,11,40,8,27,1,1,11,11,19,67,71,136
43,2017-6116-hb64-ke64,108,9,6,55,92,39,55,22,37,7,8,61,92,15,60,13,21,2,7,12,12,28,81,89,173
43,2017-6116-g967-pc11,135,6,6,54,107,42,54,25,53,3,7,67,107,26,73,19,40,4,16,16,15,45,113,112,220
43,2017-6116-j267-o522,165,14,9,71,128,55,71,29,57,12,14,84,128,15,63,24,42,3,5,16,15,39,105,123,233
43,2017-6116-l797-f586,60,6,0,31,50,22,31,14,19,2,2,36,50,10,25,11,17,4,7,8,7,21,42,57,92
43,2017-6116-pd07-f811,160,15,2,68,109,52,68,26,41,6,7,78,109,11,50,27,61,1,4,17,17,38,111,116,220
43,2017-6116-mh30-td51,139,10,2,72,117,50,72,25,45,2,5,75,117,13,53,22,50,3,4,17,17,35,103,110,220
43,2017-6116-ke64-k964,224,5,16,83,143,58,83,28,60,11,14,86,143,26,80,33,55,5,15,16,16,59,135,145,278
43,2017-6116-sc56-k776,79,2,3,31,49,27,31,8,18,0,2,35,49,10,35,28,41,5,14,10,10,38,76,73,125
43,2017-6116-hb64-n674,151,8,10,66,117,42,66,27,51,7,11,69,117,28,71,24,46,6,14,17,17,52,117,121,234
43,2017-6116-pl56-kc12,125,3,6,55,95,44,55,15,40,6,9,59,95,15,49,19,32,4,7,13,12,34,81,93,176
43,2017-6116-me89-bf98,74,8,5,25,52,22,25,14,27,0,2,36,52,13,38,15,21,4,7,10,10,28,59,64,111
43,2017-6116-ke64-g493,71,3,2,27,47,22,27,11,20,1,2,33,47,7,23,19,24,5,10,8,8,26,47,59,94
43,2017-6116-kc12-w723,59,2,2,26,42,21,26,11,16,1,1,32,42,13,26,13,21,5,7,7,8,26,47,58,89
43,2017-6116-hb64-n670,85,4,4,39,62,31,39,11,23,2,4,42,62,12,40,28,45,4,13,11,10,40,85,82,147
43,2017-6116-sf62-n480,98,10,4,36,64,30,36,17,28,0,1,47,64,13,33,16,39,2,3,11,10,29,72,76,136
43,2017-6116-n674-pc78,56,9,1,32,41,30,32,6,9,0,0,36,41,6,28,16,30,3,3,9,10,22,58,58,99
43,2017-6116-pl56-cg49,99,8,3,42,73,32,42,17,31,7,9,49,73,17,34,19,30,6,8,12,11,36,64,85,137
43,2017-6116-k964-b09a,79,4,6,25,47,21,25,11,22,3,3,32,47,11,27,21,35,5,9,7,8,32,62,64,109
44,2017-314-h997-h756,148,7,6,77,124,59,77,18,47,8,12,77,124,21,72,21,45,3,11,16,17,42,117,119,241
44,2017-314-f510-h997,93,2,2,42,73,31,42,17,31,2,3,48,73,19,45,15,33,3,8,11,11,34,78,82,151
44,2017-314-h756-gb88,81,9,3,43,63,33,43,8,20,1,2,41,63,13,41,24,37,4,13,10,9,37,78,78,141
44,2017-314-f510-bd06,127,5,5,76,120,54,76,21,44,12,13,75,120,13,49,17,31,4,4,14,15,30,80,105,200
44,2017-314-f510-g858,110,2,2,49,79,36,49,19,30,2,3,55,79,11,45,22,40,3,10,14,14,33,85,88,164
44,2017-314-h997-sh90,116,9,1,49,92,38,49,29,43,1,1,67,92,13,48,19,41,4,4,14,14,32,89,99,181
44,2017-314-bd06-i165,80,4,4,32,63,26,32,16,31,6,7,42,63,10,36,14,23,3,9,10,9,24,59,66,122
44,2017-314-gb88-a829,156,5,4,68,135,54,68,30,67,14,17,84,135,19,68,14,41,1,2,16,16,33,109,117,244
44,2017-314-bd06-sj22,84,1,1,36,51,29,36,13,15,0,0,42,51,14,47,23,35,3,12,9,10,37,82,79,133
44,2017-314-h997-l397,109,13,3,59,93,45,59,19,34,7,8,64,93,9,45,17,38,2,5,14,14,26,83,90,176
44,2017-314-g858-l503,159,11,7,54,94,47,54,21,40,0,1,68,94,13,65,28,56,1,11,15,16,41,121,109,215
44,2017-314-f510-gb93,100,3,9,50,96,32,50,21,46,11,15,53,96,13,46,20,35,4,12,13,13,33,81,86,177
44,2017-314-h756-mj08,91,4,1,35,58,30,35,18,23,0,0,48,58,17,63,21,30,2,9,12,12,38,93,86,151
44,2017-314-l503-c582,99,4,1,40,67,31,40,17,27,2,3,48,67,13,38,19,37,3,8,10,11,32,75,80,142
44,2017-314-i165-ba65,40,11,0,27,36,24,27,8,9,0,0,32,36,9,26,14,21,4,5,8,8,23,47,55,83
44,2017-314-sh90-l949,55,1,4,28,48,19,28,11,20,2,4,30,48,16,29,10,14,6,12,8,7,26,43,56,91
44,2017-314-sh90-g725,71,2,0,24,49,23,24,12,25,1,2,35,49,20,41,11,23,4,9,9,9,31,64,66,113
44,2017-314-h756-o376,81,6,0,32,50,25,32,11,18,2,2,36,50,13,36,17,28,4,13,8,9,30,64,66,114
44,2017-314-ba65-l987,65,2,4,39,64,36,39,13,25,2,2,49,64,13,41,7,21,1,4,11,10,20,62,69,126
44,2017-314-a829-y061,172,1,3,79,127,48,79,24,48,11,17,72,127,15,61,41,63,6,15,17,17,56,124,128,251
44,2017-314-gb93-da81,96,6,2,41,66,33,41,11,25,3,5,44,66,30,66,15,32,4,18,10,10,45,98,89,164
44,2017-314-g858-bc72,82,6,3,24,51,21,24,17,27,2,3,38,51,17,48,21,35,3,11,10,10,38,83,76,134
44,2017-314-h997-bf23,111,4,1,57,85,45,57,18,28,2,3,63,85,22,72,17,34,4,13,15,16,39,106,102,191
44,2017-314-i165-ga79,55,5,0,29,44,24,29,9,15,2,2,33,44,14,38,13,20,4,7,8,9,27,58,60,102
44,2017-314-sj22-bp41,98,1,1,42,63,33,42,12,21,0,2,45,63,11,39,19,35,3,8,11,10,30,74,75,137
44,2017-314-l949-bd20,174,11,8,88,133,62,88,17,45,8,13,79,133,38,84,23,54,6,15,18,18,61,138,140,271
44,2017-314-mj08-d801,171,14,8,78,117,53,78,20,39,7,9,73,117,20,60,11,35,2,3,15,15,31,95,104,212
44,2017-314-ga79-sg64,111,6,2,48,80,40,48,16,32,0,0,56,80,10,51,10,23,0,0,12,12,20,74,76,154
44,2017-314-h997-e678,48,2,2,20,36,16,20,8,16,0,1,24,36,16,32,15,22,6,9,7,8,31,54,55,90
44,2017-314-bc72-n679,147,14,4,79,112,64,79,20,33,4,6,84,112,12,69,27,53,1,7,18,18,39,122,123,234
44,2017-314-sj22-bk12,82,3,2,32,55,27,32,18,23,1,1,45,55,6,30,11,28,2,4,11,10,17,58,62,113
44,2017-314-bk12-d981,80,6,3,42,72,37,42,14,30,4,4,51,72,14,45,15,29,2,8,10,10,29,74,80,146
44,2017-314-sg64-q948,135,15,0,52,89,42,52,20,37,1,3,62,89,19,69,18,39,2,10,15,16,37,108,99,197
44,2017-314-bc72-mb53,63,7,2,31,54,27,31,12,23,4,4,39,54,13,34,8,13,3,4,9,8,21,47,60,101
44,2017-314-h997-a853,46,2,1,24,44,17,24,14,20,2,2,31,44,7,16,15,22,5,10,7,7,22,38,53,82
44,2017-314-e678-bd80,71,4,4,20,42,17,20,12,22,2,3,29,42,17,40,20,31,5,9,8,9,37,71,66,113
44,2017-314-ga79-mg54,134,6,2,51,101,44,51,23,50,6,8,67,101,19,56,24,46,5,9,15,15,43,102,110,203
44,2017-314-n679-hh06,70,5,0,31,61,24,31,15,30,4,5,39,61,11,20,15,30,4,7,9,8,26,50,65,111
44,2017-314-sj22-mg08,91,2,0,45,70,38,45,14,25,4,4,52,70,15,42,11,27,2,4,11,11,26,69,78,139
45,2017-414-md56-mb02,117,10,4,60,86,43,60,14,26,2,4,57,86,10,52,23,36,3,14,15,14,33,88,90,174
45,2017-414-mb02-k435,58,1,1,27,48,17,27,11,21,4,7,28,48,6,26,8,14,2,4,8,7,14,40,42,88
45,2017-414-md56-d874,84,6,0,41,58,30,41,14,17,1,2,44,58,12,36,9,21,3,5,11,10,21,57,65,115
45,2017-414-d874-ke29,138,6,0,57,91,41,57,14,34,2,6,55,91,17,58,23,40,4,9,16,15,40,98,95,189
45,2017-414-mb02-sm37,104,3,2,41,78,27,41,19,37,3,7,46,78,20,38,13,36,5,9,13,12,33,74,79,152
45,2017-414-k435-kc29,157,6,1,61,104,42,61,24,43,3,8,66,104,26,66,19,44,5,11,16,16,45,110,111,214
45,2017-414-md56-v708,101,6,4,45,58,36,45,4,13,2,4,40,58,27,66,14,21,4,9,10,11,41,87,81,145
45,2017-414-ke29-bh09,147,7,3,72,110,50,72,23,38,4,6,73,110,10,53,17,42,2,4,17,17,27,95,100,205
45,2017-414-k435-sd32,122,4,2,63,96,41,63,15,33,10,13,56,96,13,37,19,35,5,8,13,13,32,72,88,168
45,2017-414-kc29-pd31,96,3,4,52,87,36,52,20,35,2,3,56,87,6,33,15,33,2,3,11,11,21,66,77,153
45,2017-414-sm37-sk94,124,2,4,38,70,24,38,14,32,4,10,38,70,29,65,20,33,7,17,12,13,49,98,87,168
45,2017-414-d874-f401,105,4,2,49,75,30,49,12,26,7,11,42,75,21,43,17,28,6,13,11,10,38,71,80,146
45,2017-414-md56-sl28,81,1,0,44,58,32,44,10,14,2,2,42,58,7,28,15,30,3,4,10,10,22,58,64,116
45,2017-414-mb02-kb54,112,8,3,57,91,41,57,20,34,9,12,61,91,14,48,22,45,4,10,15,14,36,93,97,184
45,2017-414-md56-r772,184,6,2,71,112,53,71,25,41,7,9,78,112,26,76,21,48,4,10,16,17,47,124,125,236
45,2017-414-v708-z184,86,7,2,46,63,33,46,7,17,4,6,40,63,10,33,11,20,4,7,10,10,21,53,61,116
45,2017-414-kb54-c882,124,5,3,51,90,42,51,18,39,5,7,60,90,13,58,19,38,3,8,15,16,32,96,92,186
45,2017-414-ke29-,70,7,0,28,51,20,28,15,23,2,3,35,51,19,42,8,20,4,5,9,10,27,62,62,113
45,2017-414-sd32-mn13,123,4,2,45,85,33,45,21,40,2,5,54,85,21,54,14,28,5,10,14,14,35,82,89,167
45,2017-414-pd31-t315,53,11,3,20,44,17,20,14,24,2,3,31,44,13,33,16,23,5,8,8,9,29,56,60,100
45,2017-414-sm37-h804,76,2,1,24,41,19,24,11,17,0,1,30,41,15,34,25,42,5,17,8,9,40,76,70,117
45,2017-414-v708-v306,165,9,8,68,115,40,68,24,47,2,7,64,115,22,67,24,42,7,8,16,17,46,109,110,224
45,2017-414-f401-bg23,121,1,5,52,89,31,52,21,37,7,11,52,89,22,55,23,40,6,14,13,13,45,95,97,184
45,2017-414-bh09-h896,69,5,1,34,51,25,34,11,17,4,4,36,51,14,33,15,22,4,10,8,7,29,55,65,106
45,2017-414-d874-b884,170,3,6,59,106,47,59,22,47,3,7,69,106,24,62,24,47,6,13,17,16,48,109,117,215
45,2017-414-kc29-h355,86,3,1,32,59,21,32,18,27,3,5,39,59,18,42,13,22,5,9,10,10,31,64,70,123
45,2017-414-k435-re44,72,6,1,40,64,31,40,10,24,6,7,41,64,12,29,18,24,5,9,8,8,30,53,71,117
45,2017-414-mb02-cf01,77,4,0,43,64,30,43,11,21,4,5,41,64,15,43,13,20,4,7,10,10,28,63,69,127
45,2017-414-sk94-d923,93,0,2,39,68,22,39,15,29,3,7,37,68,22,38,14,27,6,15,10,9,36,65,73,133
45,2017-414-d923-sc77,101,0,3,53,76,36,53,13,23,1,3,49,76,19,53,12,25,3,6,12,12,31,78,80,154
45,2017-414-z184-ae14,109,2,0,43,61,30,43,13,18,0,2,43,61,13,45,19,33,3,9,11,11,32,78,75,139
45,2017-414-sl28-d864,72,6,1,25,49,23,25,17,24,0,0,40,49,10,37,19,31,2,10,10,9,29,68,69,117
45,2017-414-d874-d750,49,0,1,26,43,19,26,12,17,2,2,31,43,16,23,6,8,5,7,7,6,22,31,53,74
45,2017-414-m0ac-md56,140,5,6,71,129,48,71,31,58,10,12,79,129,10,60,19,34,2,10,15,15,29,94,108,223
45,2017-414-d923-l941,98,2,2,33,56,27,33,10,23,3,5,37,56,23,53,14,26,5,14,10,11,37,79,74,135
45,2017-414-sk94-o449,137,3,6,68,119,45,68,26,51,8,11,71,119,19,60,21,36,5,8,16,15,40,96,111,215
45,2017-414-d874-h896,63,7,1,19,40,17,19,12,21,0,1,29,40,16,32,13,20,5,11,8,7,29,52,58,92
45,2017-414-sk94-f724,168,0,2,64,120,36,64,33,56,5,10,69,120,23,62,29,52,7,15,17,17,52,114,121,234
45,2017-414-m0ac-rh16,99,1,0,48,83,36,48,17,35,3,6,53,83,10,45,16,29,3,4,14,14,26,74,79,157
45,2017-414-sc77-h0bu,63,3,3,33,50,25,33,8,17,1,2,33,50,17,33,11,26,4,10,9,9,28,59,61,109
45,2017-414-md56-wb25,71,1,0,26,47,21,26,11,21,3,4,32,47,21,43,11,20,5,14,8,9,32,63,64,110
45,2017-414-o449-e698,9,2,0,3,10,2,3,3,7,1,2,5,10,1,4,0,1,0,0,2,1,1,5,6,15
45,2017-414-d750-g585,96,2,5,49,70,36,49,11,21,3,5,47,70,20,45,5,17,4,4,12,12,25,62,72,132
46,2017-319-k435-f510,89,4,1,30,56,24,30,15,26,0,1,39,56,18,43,16,34,4,10,10,11,34,77,73,133
46,2017-319-k435-sh90,82,4,0,46,65,29,46,11,19,5,7,40,65,12,33,12,20,4,5,10,9,24,53,64,118
46,2017-319-f510-bd20,65,3,3,25,41,17,25,6,16,1,4,23,41,16,26,14,20,7,12,8,8,30,46,53,87
46,2017-319-sh90-o513,119,3,3,38,82,32,38,24,44,6,7,56,82,13,51,24,41,1,4,12,12,37,92,93,174
46,2017-319-o513-o376,108,5,6,56,96,37,56,19,40,7,10,56,96,12,37,13,31,3,5,13,12,25,68,81,164
46,2017-319-sh90-mi43,113,11,1,44,89,34,44,18,45,9,12,52,89,24,53,14,30,5,10,12,12,38,83,90,172
46,2017-319-o513-c882,120,8,2,39,86,32,39,29,47,1,3,61,86,10,55,20,41,1,6,15,14,30,96,91,182
46,2017-319-k435-l987,153,3,2,68,112,43,68,29,44,6,9,72,112,20,73,17,33,3,8,16,16,37,106,109,218
46,2017-319-f510-z246,80,2,5,43,61,31,43,10,18,3,4,41,61,14,44,16,30,3,9,10,10,30,74,71,135
46,2017-319-sh90-l503,145,9,3,41,97,34,41,33,56,5,6,67,97,16,55,20,40,4,9,15,14,36,95,103,192
46,2017-319-l987-sd32,94,5,1,48,66,35,48,9,18,4,5,44,66,8,24,17,39,3,8,10,10,25,63,69,129
46,2017-319-bd20-sl28,99,4,6,39,74,34,39,20,35,2,2,54,74,6,36,19,37,1,6,11,11,25,73,79,147
46,2017-319-k435-v708,67,7,0,32,51,29,32,10,19,3,3,39,51,4,18,13,27,3,5,9,9,17,45,56,96
46,2017-319-mi43-g725,81,2,2,34,59,27,34,15,25,4,6,42,59,15,47,12,20,4,6,10,11,27,67,69,126
46,2017-319-o376-z184,85,5,3,35,60,31,35,14,25,3,4,45,60,16,47,13,21,3,8,10,10,29,68,74,128
46,2017-319-g725-h756,133,7,2,62,100,48,62,21,38,3,6,69,100,14,64,19,40,3,9,16,16,33,104,102,204
46,2017-319-z184-sc73,174,10,2,70,109,49,70,27,39,3,6,76,109,19,76,23,52,1,10,16,16,42,128,118,237
46,2017-319-sl28-h355,93,12,4,35,75,27,35,28,40,3,3,55,75,14,42,15,37,1,7,11,10,29,79,84,154
46,2017-319-bd20-d801,117,9,2,49,84,38,49,20,35,5,7,58,84,16,57,33,56,4,12,15,15,49,113,107,197
46,2017-319-v708-h997,84,3,5,29,59,23,29,18,30,2,3,41,59,11,33,13,26,3,7,10,10,24,59,65,118
46,2017-319-k435-bf23,131,10,7,49,94,40,49,23,45,4,6,63,94,15,54,24,46,3,11,15,15,39,100,102,194
46,2017-319-l987-mn13,117,0,2,72,100,46,72,17,28,7,8,63,100,13,45,15,34,2,6,12,12,28,79,91,179
46,2017-319-o376-mj08,75,5,2,28,49,26,28,12,21,0,1,38,49,13,44,17,24,4,12,10,10,30,68,68,117
46,2017-319-sh90-y061,133,9,3,51,107,43,51,31,56,6,7,74,107,14,57,24,44,3,8,17,16,38,101,112,208
46,2017-319-z246-kb54,110,8,1,65,92,50,65,16,27,5,6,66,92,9,42,15,38,1,3,12,12,24,80,90,172
46,2017-319-g725-kc04,99,4,0,41,64,29,41,17,23,3,4,46,64,12,44,22,35,3,11,11,11,34,79,80,143
46,2017-319-mi43-b884,137,4,1,54,91,38,54,19,37,5,8,57,91,17,52,17,36,5,7,15,16,34,88,91,179
46,2017-319-o513-bg23,61,4,2,31,48,21,31,9,17,3,5,30,48,9,28,21,27,5,9,7,8,30,55,60,103
46,2017-319-bf23-mj08,120,8,5,57,91,43,57,14,34,4,7,57,91,13,46,23,41,4,6,14,14,36,87,93,178
46,2017-319-mn13-l941,89,9,3,47,73,39,47,9,26,15,15,48,73,7,29,22,34,3,8,9,9,29,63,77,136
46,2017-319-z246-g983,118,11,5,53,95,36,53,24,42,3,6,60,95,20,61,11,25,4,5,15,16,31,86,91,181
46,2017-319-z246-te51,99,3,0,59,75,49,59,5,16,1,2,54,75,9,41,15,35,1,2,12,12,24,76,78,151
46,2017-319-g725-hc99,60,1,0,30,46,24,30,10,16,1,1,34,46,9,24,17,26,4,8,8,7,26,50,60,96
46,2017-319-l941-j397,69,4,3,30,58,24,30,17,28,4,4,41,58,4,19,14,26,3,6,9,8,18,45,59,103
46,2017-319-bf23-hb71,83,7,2,39,64,26,39,14,25,4,8,40,64,14,38,23,39,6,15,12,12,37,77,77,141
46,2017-319-mj08-m850,71,8,2,27,49,23,27,12,22,1,1,35,49,11,32,22,35,4,11,8,7,33,67,68,116
46,2017-319-mn13-r09x,80,6,1,31,52,26,31,11,21,0,1,37,52,16,41,20,31,4,8,9,10,36,72,73,124
46,2017-319-kc04-e698,127,2,4,59,101,39,59,25,42,8,10,64,101,16,47,15,36,4,5,15,14,31,83,95,184
46,2017-319-te51-sk47,85,3,2,39,66,32,39,16,27,2,3,48,66,9,34,11,24,2,5,11,10,20,58,68,124
47,2017-7480-q927-d923,103,17,4,44,80,38,44,18,36,3,5,56,80,22,68,14,32,2,14,15,14,36,100,92,180
47,2017-7480-kd46-ba47,139,17,6,46,84,39,46,21,38,1,3,60,84,15,65,22,43,2,7,15,16,37,108,97,192
47,2017-7480-q927-kd46,107,15,2,39,68,34,39,19,29,2,3,53,68,10,44,21,40,3,9,13,13,31,84,84,152
47,2017-7480-ba47-me82,127,5,1,54,92,40,54,18,38,8,11,58,92,9,39,23,42,4,5,15,14,32,81,90,173
47,2017-7480-q927-me31,60,6,5,24,46,19,24,14,22,0,0,33,46,11,29,17,27,4,10,8,8,28,56,61,102
47,2017-7480-kd46-fb98,91,4,4,54,77,36,54,12,23,5,7,48,77,10,32,19,34,4,5,10,10,29,66,77,143
47,2017-7480-d923-l397,139,3,4,63,105,37,63,28,42,3,8,65,105,9,48,34,59,6,10,17,17,43,107,108,212
47,2017-7480-ba47-sq80,56,1,5,24,48,20,24,13,24,1,2,33,48,12,25,16,24,5,6,8,8,28,49,61,97
47,2017-7480-q927-kb37,118,16,7,51,98,39,51,25,47,4,8,64,98,23,71,17,30,4,6,16,16,40,101,104,199
47,2017-7480-fb98-r772,91,6,4,35,68,28,35,21,33,1,2,49,68,13,47,10,25,2,4,11,11,23,72,72,140
47,2017-7480-l397-e690,83,12,4,38,73,30,38,17,35,12,13,47,73,13,38,10,22,3,5,10,10,23,60,70,133
47,2017-7480-me31-v306,125,3,3,64,97,45,64,15,33,9,12,60,97,14,42,11,27,3,6,13,12,25,69,85,166
47,2017-7480-me82-f811,61,5,0,24,43,19,24,12,19,3,3,31,43,16,28,13,24,5,10,7,7,29,52,60,95
47,2017-7480-d923-hb64,30,0,1,9,20,6,9,6,11,0,1,12,20,6,15,7,13,2,5,4,4,13,28,25,48
47,2017-7480-kd46-pb22,128,11,3,57,93,51,57,14,36,2,4,65,93,13,58,20,39,2,5,16,15,33,97,98,190
47,2017-7480-v306-e873,142,8,5,63,110,44,63,31,47,8,9,75,110,15,53,25,48,4,5,16,16,40,101,115,211
47,2017-7480-kd46-td51,130,9,5,46,89,34,46,30,43,6,6,64,89,14,52,14,37,0,2,12,12,28,89,92,178
47,2017-7480-hb64-k336,100,5,3,67,88,51,67,12,21,4,4,63,88,7,50,14,32,0,1,12,12,21,82,84,170
47,2017-7480-me82-j380,78,2,1,33,49,22,33,11,16,0,1,33,49,17,34,11,25,4,9,9,9,28,59,61,108
47,2017-7480-d923-da81,134,13,2,69,102,55,69,14,33,7,9,69,102,16,56,22,39,5,10,15,15,38,95,107,197
47,2017-7480-e690-n674,98,6,5,40,69,30,40,14,29,5,8,44,69,18,49,26,50,4,15,12,13,44,99,88,168
47,2017-7480-f811-i230,81,4,3,29,60,24,29,21,31,2,2,45,60,12,35,13,28,2,4,10,10,25,63,70,123
47,2017-7480-fb98-k926,136,11,4,47,88,38,47,23,41,4,5,61,88,26,73,24,39,5,15,14,14,50,112,111,200
47,2017-7480-kb37-si82,107,4,2,45,66,27,45,15,21,6,8,42,66,10,37,25,38,4,10,10,10,35,75,77,141
47,2017-7480-me31-k964,101,4,1,45,72,34,45,16,27,5,6,50,72,12,39,21,40,4,9,12,12,33,79,83,151
47,2017-7480-pb22-u134,113,8,2,53,93,38,53,26,40,12,12,64,93,11,44,13,33,1,4,12,12,24,77,88,170
47,2017-7480-sq80-k776,36,4,1,21,37,20,21,9,16,1,1,29,37,11,18,11,14,5,8,7,6,22,32,51,69
47,2017-7480-hb64-sp05,89,8,7,38,67,30,38,12,29,3,6,42,67,16,39,16,31,5,7,10,11,32,70,74,137
47,2017-7480-e690-k964,71,3,2,39,53,22,39,8,14,3,6,30,53,15,32,18,22,7,8,9,9,33,54,63,107
47,2017-7480-sq80-d917,58,8,1,33,51,27,33,8,18,0,0,35,51,9,29,17,24,4,10,8,8,26,53,61,104
47,2017-7480-kb37-pc78,82,10,3,42,66,38,42,11,24,2,2,49,66,12,32,13,30,2,5,10,9,25,62,74,128
47,2017-7480-hb64-s0bb,40,6,2,18,37,14,18,11,19,0,0,25,37,13,18,12,19,6,8,6,6,25,37,50,74
47,2017-7480-sq80-mn44,71,4,1,27,55,20,27,18,28,7,8,38,55,12,39,21,32,4,10,9,9,33,71,71,126
47,2017-7480-e690-h938,48,7,1,30,43,26,30,7,13,0,0,33,43,15,33,10,15,4,8,8,7,25,48,58,91
47,2017-7480-pc78-sl07,20,1,1,10,15,8,10,4,5,0,0,12,15,4,7,9,12,3,3,3,3,13,19,25,34
47,2017-7480-k964-n670,117,2,8,53,90,40,53,15,37,7,9,55,90,18,46,16,37,4,9,13,13,34,83,89,173
47,2017-7480-sp05-q941,69,0,1,36,48,23,36,7,12,3,5,30,48,14,36,18,22,6,16,8,8,32,58,62,106
47,2017-7480-d917-me56,68,2,4,35,53,28,35,9,18,0,2,37,53,13,35,15,23,4,7,10,9,28,58,65,111
47,2017-7480-kb37-bc68,74,3,1,41,62,34,41,11,21,2,2,45,62,17,38,6,23,2,2,10,10,23,61,68,123
48,2017-418-z355-a678,70,6,2,34,49,30,34,10,15,0,0,40,49,8,40,10,17,2,6,10,10,18,57,58,106
48,2017-418-a678-sm25,89,12,5,40,71,29,40,18,31,5,5,47,71,10,35,13,22,2,4,10,9,23,57,70,128
48,2017-418-n552-pl56,160,5,3,75,118,54,75,21,43,7,9,75,118,21,75,19,41,2,9,15,16,40,116,115,234
48,2017-418-sm25-r975,86,3,4,41,69,33,41,12,28,1,2,45,69,9,29,9,25,3,5,11,11,18,54,63,123
48,2017-418-a678-bf55,120,21,3,55,90,46,55,17,35,5,6,63,90,10,51,12,22,2,2,15,14,22,73,85,163
48,2017-418-z355-mm58,58,7,2,30,47,25,30,12,17,2,2,37,47,9,32,12,19,3,5,9,9,21,51,58,98
48,2017-418-z355-n552,64,4,1,33,47,31,33,9,14,0,0,40,47,9,31,12,23,2,3,10,9,21,54,61,101
48,2017-418-a678-tb69,167,21,6,59,104,47,59,27,45,2,4,74,104,11,52,30,61,3,8,17,16,41,113,115,217
48,2017-418-r975-b837,92,16,4,35,57,30,35,16,22,0,0,46,57,13,46,22,41,2,8,10,11,35,87,81,144
48,2017-418-n552-d683,109,4,4,33,59,29,33,15,26,3,4,44,59,14,43,17,35,3,10,11,11,31,78,75,137
48,2017-418-mm58-d875,64,8,0,30,45,24,30,9,15,2,3,33,45,7,25,16,24,4,6,9,9,23,49,56,94
48,2017-418-z355-sl08,86,7,1,44,64,36,44,12,20,1,2,48,64,13,52,22,33,3,8,12,12,35,85,83,149
48,2017-418-sm25-dc58,84,12,1,37,61,31,37,15,24,3,3,46,61,8,32,16,34,2,5,10,10,24,66,70,127
48,2017-418-pl56-ma30,115,11,3,70,97,51,70,18,27,1,1,69,97,5,41,16,42,2,5,16,15,21,83,90,180
48,2017-418-bf55-pc11,129,4,2,56,88,34,56,18,32,4,7,52,88,22,55,25,38,7,15,14,14,47,93,99,181
48,2017-418-tb69-l949,63,8,0,25,45,24,25,13,20,0,0,37,45,14,39,10,22,3,8,9,9,24,61,61,106
48,2017-418-n552-y124,146,2,3,56,97,34,56,23,41,3,7,57,97,27,67,22,44,5,17,15,16,49,111,106,208
48,2017-418-r975-m873,116,26,9,45,82,39,45,24,37,3,4,63,82,12,56,19,37,1,10,12,12,31,93,94,175
48,2017-418-d875-e831,141,4,9,51,97,42,51,25,46,7,8,67,97,16,63,20,38,2,10,16,15,36,101,103,198
48,2017-418-z355-tc61,131,7,4,58,95,42,58,21,37,3,6,63,95,16,52,19,44,4,6,15,16,35,96,98,191
48,2017-418-bf55-mc65,112,5,6,57,90,44,57,16,33,0,3,60,90,11,44,26,49,4,8,16,15,37,93,97,183
48,2017-418-pl56-pf39,81,5,3,46,68,37,46,14,22,4,5,51,68,6,31,13,31,2,4,11,10,19,62,70,130
48,2017-418-sm25-ca99,117,6,3,50,75,42,50,15,25,0,0,57,75,5,40,22,43,0,0,12,12,27,83,84,158
48,2017-418-sl08-ke17,39,5,0,19,28,17,19,7,9,0,0,24,28,6,20,14,21,3,6,6,6,20,41,44,69
48,2017-418-ma30-t315,46,18,0,30,39,25,30,7,9,0,0,32,39,13,28,9,16,4,6,8,7,22,44,54,83
48,2017-418-pc11-z168,138,4,0,75,103,55,75,18,28,2,2,73,103,14,69,20,35,2,4,16,17,34,104,107,207
48,2017-418-d683-l797,85,15,1,38,56,32,38,6,18,1,3,38,56,9,30,23,35,5,8,10,10,32,65,70,121
48,2017-418-mm58-j386,149,11,6,64,116,50,64,25,52,5,7,75,116,17,63,21,40,2,6,15,16,38,103,113,219
48,2017-418-a678-j267,86,8,1,27,60,24,27,19,33,5,5,43,60,9,26,21,37,3,6,9,8,30,63,73,123
48,2017-418-b837-h940,62,7,4,26,52,21,26,15,26,2,2,36,52,7,24,15,25,4,7,8,9,22,49,58,101
48,2017-418-dc58-pg94,68,4,5,17,48,16,17,18,31,1,1,34,48,9,24,15,27,4,7,8,9,24,51,58,99
48,2017-418-b837-ld26,103,6,2,34,57,28,34,15,23,0,0,43,57,17,41,9,21,3,5,9,9,26,62,69,119
48,2017-418-bf55-ke64,67,0,2,31,48,22,31,6,17,1,3,28,48,5,18,19,25,4,6,7,7,24,43,52,91
48,2017-418-ca99-bh02,69,4,2,31,56,30,31,18,25,0,0,48,56,6,40,10,20,1,1,11,11,16,60,64,116
48,2017-418-e831-ch27,57,7,2,24,43,19,24,12,19,0,1,31,43,10,25,17,27,5,9,8,8,27,52,58,95
48,2017-418-dc58-sc56,127,6,4,56,95,49,56,18,39,4,5,67,95,19,69,21,34,4,8,15,16,40,103,107,198
48,2017-418-j267-bf98,105,6,0,43,90,32,43,23,47,5,7,55,90,14,47,14,23,4,5,12,12,28,70,83,160
48,2017-418-l949-pd07,142,9,5,60,111,42,60,34,51,4,5,76,111,8,52,24,44,3,8,16,15,32,96,108,207
48,2017-418-l797-ha47,67,14,5,36,66,31,36,15,30,6,6,46,66,11,34,10,22,2,5,10,9,21,56,67,122
48,2017-418-m873-f586,79,12,3,42,64,34,42,15,22,1,1,49,64,7,35,11,18,2,3,10,9,18,53,67,117
48,2017-418-pl56-rh16,103,5,4,36,67,30,36,17,31,4,6,47,67,14,49,19,33,3,9,12,12,33,82,80,149
48,2017-418-pc11-rb56,73,2,1,46,62,34,46,7,16,5,6,41,62,10,22,15,25,4,5,9,8,25,47,66,109
48,2017-418-sl08-sc47,89,10,1,35,54,33,35,11,19,0,0,44,54,19,53,16,34,2,6,10,11,35,87,79,141
48,2017-418-tc61-be54,90,4,4,30,45,24,30,7,15,1,2,31,45,15,38,18,27,5,9,8,9,33,65,64,110
48,2017-418-t315-kc12,135,2,1,65,98,51,65,15,33,5,8,66,98,22,56,16,36,5,9,16,16,38,92,104,190
48,2017-418-rb56-me05,88,13,3,47,75,36,47,10,28,5,7,46,75,14,32,17,39,4,9,11,10,31,71,77,146
48,2017-418-y124-sf62,134,4,10,58,107,43,58,21,49,10,14,64,107,18,53,18,36,5,10,15,14,36,89,100,196
48,2017-418-mm58-o522,147,15,5,61,106,51,61,26,45,4,5,77,106,13,65,25,50,3,6,16,17,38,115,115,221
48,2017-418-bf55-bi23,76,1,1,44,57,34,44,6,13,2,2,40,57,18,45,12,24,3,9,9,9,30,69,70,126
48,2017-418-ha47-pg94,112,8,5,53,95,37,53,21,42,11,14,58,95,23,60,16,31,4,10,12,12,39,91,97,186
48,2017-418-bh02-ka00,142,14,2,77,111,51,77,21,34,15,17,72,111,10,52,24,49,4,7,17,17,34,101,106,212
48,2017-418-ld26-g892,76,4,1,27,56,20,27,21,29,3,3,41,56,13,32,10,25,3,8,9,9,23,57,64,113
48,2017-418-bf98-sk69,75,3,4,39,65,30,39,10,26,1,3,40,65,10,37,14,20,4,6,10,10,24,57,64,122
48,2017-418-pg94-rd46,65,0,1,24,44,18,24,12,20,2,3,30,44,14,26,21,39,5,11,8,8,35,65,65,109
48,2017-418-ka00-f824,54,10,1,21,39,18,21,14,18,0,0,32,39,11,26,15,26,4,8,8,8,26,52,58,91
48,2017-418-ld26-rg42,92,3,0,49,76,36,49,14,27,3,4,50,76,15,48,10,17,3,9,10,10,25,65,75,141
48,2017-418-sk69-gb76,89,5,2,41,67,28,41,18,26,1,3,46,67,14,40,19,32,5,9,13,12,33,72,79,139
48,2017-418-bh02-g0cp,95,5,0,52,71,37,52,15,19,0,1,52,71,18,54,25,39,6,12,13,13,43,93,95,164
48,2017-418-bf98-t0a8,81,2,1,50,74,35,50,11,24,6,8,46,74,15,38,10,26,3,7,11,10,25,64,71,138
48,2017-418-bi23-m747,65,6,1,29,55,24,29,15,26,1,1,39,55,9,36,16,21,3,7,9,9,25,57,64,112
48,2017-418-g892-bv27,60,2,1,38,53,29,38,8,15,0,1,37,53,4,17,17,33,3,3,10,9,21,50,58,103
48,2017-418-me05-k0a3,54,3,3,24,45,19,24,12,21,4,4,31,45,18,31,9,15,5,10,7,7,27,46,58,91
48,2017-418-ha47-si72,112,7,5,53,92,35,53,21,39,7,11,56,92,24,61,12,24,6,10,15,14,36,85,92,177
49,2017-421-z355-su55,103,2,6,43,70,35,43,13,27,6,7,48,70,16,44,14,26,3,3,11,11,30,70,78,140
49,2017-421-f324-h756,75,9,1,30,54,26,30,19,24,1,2,45,54,10,45,18,29,2,6,11,10,28,74,73,128
49,2017-421-f324-bd06,68,5,2,26,51,21,26,18,25,2,3,39,51,13,37,9,21,3,6,10,10,22,58,61,109
49,2017-421-z355-f324,69,6,1,41,59,33,41,11,18,3,3,44,59,8,27,11,26,2,6,10,9,19,53,63,112
49,2017-421-z355-a678,91,9,7,41,73,31,41,18,32,2,3,49,73,11,41,15,29,3,5,11,11,26,70,75,143
49,2017-421-su55-me82,145,9,7,52,101,35,52,26,49,8,11,61,101,14,42,12,32,3,5,14,13,26,74,87,175
49,2017-421-su55-n409,166,9,7,72,120,48,72,28,48,9,11,76,120,14,60,20,45,2,6,15,16,34,105,110,225
49,2017-421-h756-sm37,124,9,6,45,80,38,45,11,35,3,7,49,80,21,60,23,36,6,14,14,14,44,96,93,176
49,2017-421-z355-ke17,72,6,3,42,65,31,42,14,23,8,8,45,65,10,34,10,18,3,4,9,10,20,52,65,117
49,2017-421-f324-f401,117,12,4,60,102,42,60,21,42,10,13,63,102,16,49,19,36,5,13,14,14,35,85,98,187
49,2017-421-h756-d875,129,13,8,64,102,49,64,18,38,8,10,67,102,8,46,27,45,3,6,15,14,35,91,102,193
49,2017-421-bd06-mc65,176,2,5,76,121,56,76,23,45,4,7,79,121,31,91,25,51,2,11,17,17,56,142,135,263
49,2017-421-a678-q927,60,11,2,26,44,23,26,11,18,0,0,34,44,9,24,13,22,4,8,8,9,22,46,56,90
49,2017-421-me82-ch27,88,6,0,43,61,27,43,11,18,5,6,38,61,12,37,14,20,4,5,9,9,26,57,64,118
49,2017-421-sm37-dc58,128,4,5,54,81,34,54,11,27,3,9,45,81,10,41,27,50,5,12,15,15,37,91,82,172
49,2017-421-n409-cg80,72,7,4,34,48,28,34,7,14,1,1,35,48,11,26,12,18,4,5,8,7,23,44,58,92
49,2017-421-f324-pb22,54,5,1,28,46,24,28,10,18,2,2,34,46,5,19,19,26,4,7,8,7,24,45,58,91
49,2017-421-sm37-tb69,174,2,5,84,121,53,84,18,37,12,16,71,121,20,76,40,56,6,14,17,17,60,132,131,253
49,2017-421-z355-g628,151,13,3,74,114,52,74,23,40,5,7,75,114,21,71,22,43,2,8,16,15,43,114,118,228
49,2017-421-mc65-n552,161,5,0,70,112,43,70,24,42,5,10,67,112,23,66,23,50,6,10,18,18,46,116,113,228
49,2017-421-me82-r975,75,4,1,35,54,28,35,11,19,1,2,39,54,10,30,10,23,3,3,10,10,20,53,59,107
49,2017-421-d875-z168,99,6,7,50,82,34,50,18,32,0,3,52,82,14,44,19,37,4,7,14,13,33,81,85,163
49,2017-421-q927-t786,93,6,1,39,69,31,39,20,30,1,2,51,69,9,35,15,35,3,4,13,13,24,70,75,139
49,2017-421-ch27-gb88,95,4,3,32,64,22,32,17,32,1,4,39,64,12,31,24,42,5,12,11,10,36,73,75,137
49,2017-421-a678-cd85,101,14,3,42,65,32,42,12,23,1,3,44,65,27,62,10,20,3,3,11,10,37,82,81,147
49,2017-421-bd06-h940,65,2,2,32,52,24,32,14,20,0,1,38,52,14,36,11,19,4,4,10,10,25,55,63,107
49,2017-421-f401-sm25,140,2,7,52,98,37,52,24,46,7,11,61,98,22,54,23,46,5,7,14,14,45,100,106,198
49,2017-421-ke17-l503,63,10,5,25,47,24,25,13,22,1,1,37,47,6,22,15,27,3,8,9,8,21,49,58,96
49,2017-421-dc58-pd31,78,5,3,31,57,23,31,14,26,2,4,37,57,11,25,21,40,5,8,10,10,32,65,69,122
49,2017-421-h756-e873,58,12,4,29,44,25,29,7,15,2,3,32,44,9,22,18,28,5,6,8,9,27,50,59,94
49,2017-421-su55-d683,104,11,7,42,77,30,42,19,35,3,6,49,77,14,44,18,26,4,9,11,10,32,70,81,147
49,2017-421-gb88-se73,104,9,3,44,73,33,44,14,29,2,6,47,73,16,43,25,40,6,13,14,13,41,83,88,156
49,2017-421-cd85-ke29,86,2,0,47,68,37,47,9,21,2,4,46,68,9,40,16,27,4,6,13,13,25,67,71,135
49,2017-421-bd06-sf62,80,3,6,27,52,24,27,13,25,1,2,37,52,9,33,19,30,4,4,9,10,28,63,65,115
49,2017-421-dc58-pf39,118,10,2,51,78,41,51,17,27,0,1,58,78,16,56,21,46,1,8,12,12,37,102,95,180
49,2017-421-d683-i186,109,9,3,40,70,34,40,16,30,0,0,50,70,12,50,17,30,2,7,12,12,29,80,79,150
49,2017-421-sm25-h996,88,5,1,44,76,32,44,21,32,5,5,53,76,11,37,10,25,1,4,11,10,21,62,74,138
49,2017-421-ke17-t840,51,8,4,24,42,21,24,12,18,0,0,33,42,8,20,16,24,4,10,8,7,24,44,57,86
49,2017-421-a678-sc56,101,19,1,56,80,45,56,12,24,2,2,57,80,12,37,14,32,1,2,11,10,26,69,83,149
49,2017-421-ch27-l397,134,6,5,57,101,43,57,20,44,3,5,63,101,15,50,25,45,4,6,14,15,40,95,103,196
49,2017-421-cg80-y061,69,6,2,33,52,24,33,11,19,0,1,35,52,12,36,15,19,4,7,9,9,27,55,62,107
49,2017-421-e873-bg23,86,5,1,27,61,24,27,21,34,0,1,45,61,15,43,13,34,2,5,11,11,28,77,73,138
49,2017-421-f401-e831,147,3,5,57,95,39,57,19,38,6,10,58,95,20,61,27,43,6,16,16,15,47,104,105,199
49,2017-421-g628-sp24,181,2,5,65,110,49,65,24,45,7,9,73,110,30,83,25,50,3,11,16,15,55,133,128,243
49,2017-421-h756-r772,77,5,2,33,60,25,33,16,27,1,1,41,60,13,35,13,22,3,6,9,9,26,57,67,117
49,2017-421-h940-f586,85,8,1,41,74,27,41,19,33,7,8,46,74,16,43,7,14,3,4,11,10,23,57,69,131
49,2017-421-mc65-j386,99,11,3,55,75,46,55,8,20,2,4,54,75,13,47,21,38,3,4,13,14,34,85,88,160
49,2017-421-me82-mm58,80,0,2,26,49,21,26,12,23,2,3,33,49,13,29,22,37,5,15,8,8,35,66,68,115
49,2017-421-l503-td51,123,7,1,43,86,32,43,22,43,6,9,54,86,12,51,22,40,2,6,13,13,34,91,88,177
49,2017-421-pd31-y124,121,8,9,48,101,34,48,22,53,9,15,56,101,24,64,28,43,8,15,15,16,52,107,108,208
49,2017-421-pb22-pd07,81,2,2,29,49,26,29,11,20,0,1,37,49,11,37,15,23,4,6,10,10,26,60,63,109
49,2017-421-q927-me31,138,18,4,51,105,41,51,25,54,4,8,66,105,26,84,21,33,4,8,17,17,47,117,113,222
49,2017-421-sm37-o522,129,3,3,61,99,53,61,18,38,6,7,71,99,13,54,19,41,3,6,16,15,32,95,103,194
49,2017-421-su55-sc73,145,12,7,50,101,39,50,31,51,6,8,70,101,21,72,21,48,2,10,16,16,42,120,112,221
49,2017-421-z168-gb93,121,4,5,68,109,46,68,23,41,4,7,69,109,16,55,17,32,5,8,16,15,33,87,102,196
49,2017-421-sc56-e690,100,0,2,41,72,26,41,13,31,4,8,39,72,21,50,19,30,6,8,10,11,40,80,79,152
49,2017-421-h996-y061,118,3,10,55,93,39,55,16,38,13,16,55,93,27,67,17,33,4,12,13,12,44,100,99,193
49,2017-421-o522-e873,58,11,2,26,44,23,26,14,18,0,0,37,44,10,26,14,30,3,8,9,8,24,56,61,100
49,2017-421-gb93-mg47,83,3,1,40,62,31,40,13,22,3,3,44,62,15,46,18,34,2,11,10,10,33,80,77,142
49,2017-421-me31-k964,124,3,6,57,84,45,57,10,27,5,7,55,84,16,51,17,33,2,6,12,12,33,84,88,168
49,2017-421-f586-m873,86,0,1,45,60,29,45,11,15,5,6,40,60,14,38,15,26,4,6,10,10,29,64,69,124
49,2017-421-sf62-d499,121,6,3,62,103,41,62,26,41,5,6,67,103,17,60,21,30,5,12,14,14,38,90,105,193
49,2017-421-h996-sm09,61,3,0,24,47,20,24,17,23,0,0,37,47,7,31,10,17,3,3,9,9,17,48,54,95
49,2017-421-gb93-mq70,135,4,7,61,98,42,61,18,37,9,11,60,98,24,68,35,56,7,19,13,15,59,124,119,222
49,2017-421-e873-hb05,115,6,5,58,101,42,58,23,43,5,8,65,101,18,60,14,27,2,2,15,14,32,87,97,188
49,2017-421-sc56-mm10,81,1,3,26,49,15,26,13,23,0,3,28,49,25,46,19,35,6,13,10,11,44,81,72,130
49,2017-421-d499-ca99,77,6,3,37,68,31,37,19,31,3,3,50,68,9,32,13,29,1,3,11,10,22,61,72,129
49,2017-421-y061-hg86,157,6,5,92,128,63,92,20,36,4,8,83,128,24,79,24,51,4,9,18,18,48,130,131,258
49,2017-421-f586-hb71,150,3,5,72,107,42,72,21,35,8,12,63,107,17,66,26,39,5,15,15,16,43,105,106,212
49,2017-421-m873-w630,105,2,2,53,72,39,53,8,19,2,5,47,72,18,51,22,38,4,15,12,12,40,89,87,161
49,2017-421-o522-sm18,67,6,4,40,58,33,40,11,18,1,1,44,58,13,39,16,29,2,11,10,9,29,68,73,126
49,2017-421-e690-sx96,62,2,2,26,46,19,26,10,20,1,3,29,46,19,39,19,30,6,14,8,8,38,69,67,115
49,2017-421-me31-pf65,81,0,1,45,65,33,45,12,20,6,7,45,65,11,35,16,24,3,5,10,9,27,59,72,124
49,2017-421-sf62-kb12,73,4,1,35,66,25,35,15,31,5,6,40,66,11,25,21,32,5,12,8,8,32,57,72,123
49,2017-421-mg47-bc68,92,4,9,51,80,39,51,12,29,1,3,51,80,7,29,22,35,3,6,11,10,29,64,80,144
49,2017-421-k964-lb06,54,2,3,28,46,22,28,11,18,2,2,33,46,11,25,12,19,4,5,8,7,23,44,56,90
50,2017-422-d875-ke17,85,6,5,33,59,28,33,18,26,2,2,46,59,11,42,10,18,2,4,11,10,21,60,67,119
50,2017-422-d875-i186,123,10,1,59,90,49,59,19,31,2,2,68,90,15,61,7,23,0,1,12,12,22,84,90,174
50,2017-422-ke17-f401,125,14,4,48,85,43,48,17,37,3,3,60,85,12,50,15,36,0,3,12,12,27,86,87,171
50,2017-422-ke17-n409,81,10,5,35,56,30,35,11,21,2,3,41,56,11,36,14,20,4,7,10,10,25,56,66,112
50,2017-422-f401-tb69,77,2,4,22,42,19,22,14,20,1,2,33,42,16,45,18,27,4,9,9,9,34,72,67,114
50,2017-422-i186-dc58,90,25,5,51,71,46,51,9,20,0,0,55,71,7,36,15,36,1,1,12,12,22,72,77,143
50,2017-422-d875-se73,53,6,0,25,37,23,25,9,12,0,0,32,37,12,27,12,18,4,10,8,7,24,45,56,82
50,2017-422-n409-r772,98,7,0,45,64,35,45,13,19,4,4,48,64,8,32,15,29,2,3,10,10,23,61,71,125
50,2017-422-d875-d683,99,9,5,48,72,35,48,13,24,4,5,48,72,8,29,17,32,3,6,11,10,25,61,73,133
50,2017-422-tb69-me82,122,4,4,46,80,34,46,17,34,3,6,51,80,22,57,19,35,3,9,12,12,41,92,92,172
50,2017-422-f401-cd85,77,1,4,27,54,21,27,19,27,3,4,40,54,10,32,8,19,3,5,10,10,18,51,58,105
50,2017-422-i186-td51,100,27,1,51,71,41,51,13,20,2,2,54,71,8,41,16,34,1,2,12,12,24,75,78,146
50,2017-422-dc58-bg23,96,5,5,41,72,34,41,16,31,4,5,50,72,13,42,15,34,2,12,11,11,28,76,78,148
50,2017-422-ke17-k336,116,8,3,54,80,50,54,16,26,0,1,66,80,11,54,14,38,1,7,16,15,25,92,91,172
50,2017-422-se73-ke29,121,4,2,58,90,44,58,18,32,3,4,62,90,16,57,31,52,4,12,15,15,47,109,109,199
50,2017-422-n409-g628,85,8,2,33,56,28,33,15,23,1,1,43,56,13,43,14,22,2,7,10,9,27,65,70,121
50,2017-422-tb69-f510,67,5,2,26,48,23,26,15,22,2,2,38,48,14,30,14,29,3,7,9,8,28,59,66,107
50,2017-422-td51-z355,117,8,1,45,73,33,45,15,28,3,7,48,73,20,63,29,42,6,9,14,15,49,105,97,178
50,2017-422-d875-l397,92,11,2,47,69,40,47,13,22,3,3,53,69,8,43,15,33,1,6,11,11,23,76,76,145
50,2017-422-k336-t786,95,19,7,49,78,40,49,17,29,2,2,57,78,6,40,14,33,1,1,11,11,20,73,77,151
50,2017-422-i186-pl56,56,16,0,30,43,28,30,8,13,0,0,36,43,11,30,9,22,3,5,9,9,20,52,56,95
50,2017-422-cd85-z168,93,4,2,43,62,30,43,12,19,0,1,42,62,12,42,21,35,3,10,10,11,33,77,75,139
50,2017-422-me82-q927,99,4,6,46,80,30,46,15,34,5,8,45,80,15,39,21,32,5,9,10,10,36,71,81,151
50,2017-422-r772-ma30,140,7,1,64,98,51,64,17,34,2,3,68,98,5,47,26,43,2,3,16,16,31,90,99,188
50,2017-422-bg23-hb05,60,2,3,26,45,20,26,12,19,0,2,32,45,11,30,18,26,5,10,9,9,29,56,61,101
50,2017-422-d683-kc12,100,4,2,43,64,33,43,13,21,5,5,46,64,14,45,14,28,2,6,10,10,28,73,74,137
50,2017-422-dc58-rb56,117,8,5,52,91,39,52,21,39,6,8,60,91,13,51,17,35,2,8,14,14,30,86,90,177
50,2017-422-f401-t742,145,6,8,58,94,41,58,13,36,4,9,54,94,14,40,36,57,8,20,15,14,50,97,104,191
50,2017-422-ke29-f586,72,5,2,28,46,22,28,13,18,0,0,35,46,16,41,14,21,4,12,8,8,30,62,65,108
50,2017-422-ke17-d801,86,15,6,38,62,32,38,14,24,3,4,46,62,9,27,20,49,3,8,10,11,29,76,75,138
50,2017-422-se73-sh90,132,2,5,48,92,29,48,26,44,6,9,55,92,19,54,27,47,5,11,13,15,46,101,101,193
50,2017-422-ke17-gb88,66,10,6,31,56,27,31,14,25,4,4,41,56,7,26,16,27,3,6,9,8,23,53,64,109
50,2017-422-cd85-l503,67,8,2,30,46,27,30,10,16,0,0,37,46,10,34,13,22,3,10,9,9,23,56,60,102
50,2017-422-d683-ba47,115,17,7,42,71,37,42,14,29,3,5,51,71,17,55,19,36,4,11,13,14,36,91,87,162
50,2017-422-dc58-bd06,93,11,4,38,71,27,38,18,33,4,6,45,71,9,37,19,28,3,4,11,10,28,65,73,136
50,2017-422-se73-sm25,93,7,2,38,73,25,38,22,35,5,7,47,73,16,43,12,22,4,8,11,11,28,65,75,138
50,2017-422-q927-ke64,51,7,0,22,41,18,22,14,19,0,0,32,41,11,24,13,23,4,9,8,7,24,47,56,88
50,2017-422-i186-t840,85,20,5,46,70,42,46,11,24,2,2,53,70,9,49,14,23,1,4,11,11,23,72,76,142
50,2017-422-ma30-h940,124,21,7,63,101,57,63,16,38,5,6,73,101,12,56,15,40,1,5,17,17,27,96,100,197
50,2017-422-bg23-cg80,112,4,4,38,79,32,38,23,41,3,3,55,79,17,53,16,33,1,11,11,10,33,86,88,165
50,2017-422-d801-a678,93,9,0,36,63,34,36,16,27,0,0,50,63,14,48,11,25,1,6,11,11,25,73,75,136
50,2017-422-f401-j386,142,4,8,60,99,43,60,20,39,7,9,63,99,14,44,30,54,5,11,14,14,44,98,107,197
50,2017-422-f510-mm58,100,4,8,43,80,27,43,20,37,2,5,47,80,19,44,24,46,4,20,11,11,43,90,90,170
50,2017-422-g628-sj55,85,1,1,32,59,23,32,14,27,3,5,37,59,13,34,13,27,4,10,10,10,26,61,63,120
50,2017-422-k336-v708,101,29,2,48,71,41,48,18,23,0,1,59,71,13,53,12,31,2,6,15,15,25,84,84,155
50,2017-422-ke29-sm37,99,6,7,45,86,36,45,16,41,8,11,52,86,17,47,17,29,4,12,12,11,34,76,86,162
50,2017-422-kc12-pd31,56,3,1,31,53,24,31,11,22,4,5,35,53,9,22,18,24,5,8,8,7,27,46,62,99
50,2017-422-l397-ch27,76,14,1,40,62,35,40,12,22,1,1,47,62,5,23,13,29,2,2,10,9,18,52,65,114
50,2017-422-pl56-y124,96,4,2,56,95,36,56,24,39,11,12,60,95,16,49,7,20,2,4,11,11,23,69,83,164
50,2017-422-me82-h756,126,6,3,55,87,40,55,18,32,2,4,58,87,9,44,24,48,2,6,14,14,33,92,91,179
50,2017-422-rb56-e865,109,14,1,64,91,50,64,19,27,4,4,69,91,18,61,17,36,3,7,15,14,35,97,104,188
50,2017-422-r772-y061,104,9,0,43,70,31,43,20,27,1,2,51,70,19,50,12,31,3,8,13,13,31,81,82,151
50,2017-422-sh90-e831,98,7,1,48,72,37,48,13,24,2,4,50,72,15,44,15,31,3,7,13,13,30,75,80,147
50,2017-422-td51-mn13,83,7,2,45,73,35,45,20,28,0,0,55,73,14,47,6,16,1,2,11,10,20,63,75,136
50,2017-422-z168-v306,68,4,0,38,49,32,38,8,11,0,0,40,49,9,33,9,24,2,6,10,10,18,57,58,106
50,2017-422-e865-t742,79,10,1,38,62,29,38,17,24,3,3,46,62,11,32,11,28,2,4,10,9,22,60,68,122
50,2017-422-d801-mk66,66,4,4,34,58,25,34,16,24,0,1,41,58,9,27,14,28,3,8,10,9,23,55,64,113
50,2017-422-sh90-pc78,64,7,2,28,52,25,28,14,24,2,2,39,52,10,34,9,16,3,6,9,9,19,50,58,102
50,2017-422-kc12-f586,74,4,1,27,46,24,27,11,19,2,2,35,46,14,33,9,13,4,6,8,8,23,46,58,92
50,2017-422-y061-g858,129,5,1,61,91,41,61,19,30,9,10,60,91,7,42,26,42,3,6,14,13,33,84,93,175
50,2017-422-mn13-rb56,101,6,0,62,78,50,62,9,16,0,0,59,78,10,52,12,28,0,1,12,12,22,80,81,158
50,2017-422-sj55-hb05,107,3,2,49,77,34,49,10,28,3,7,44,77,20,49,15,30,5,9,13,13,35,79,79,156
50,2017-422-sh90-sf62,65,2,4,33,55,28,33,11,22,5,6,39,55,13,32,12,20,4,5,9,8,25,52,64,107
50,2017-422-t742-mw84,182,9,7,52,115,34,52,36,63,5,9,70,115,31,81,27,45,6,15,15,16,58,126,128,241
50,2017-422-g858-re44,76,13,5,38,61,31,38,11,23,3,3,42,61,13,33,11,22,3,5,9,9,24,55,66,116
50,2017-422-rb56-l987,88,6,2,48,65,38,48,11,17,3,4,49,65,19,52,10,23,2,7,11,11,29,75,78,140
50,2017-422-d801-o522,96,8,2,55,79,49,55,17,24,0,1,66,79,8,57,23,45,1,3,16,16,31,102,97,181
50,2017-422-sj55-pd07,90,3,1,45,65,35,45,10,20,5,5,45,65,7,35,21,38,2,7,10,10,28,73,73,138
50,2017-422-kc12-j267,113,3,3,47,74,33,47,15,27,3,6,48,74,9,41,18,32,4,6,13,13,27,73,75,147
50,2017-422-mk66-i165,63,2,1,29,46,24,29,12,17,0,0,36,46,19,41,14,32,3,7,9,9,33,73,69,119
50,2017-422-pc78-e873,97,13,3,46,70,32,46,13,24,4,5,45,70,15,38,20,43,4,8,10,10,35,81,80,151
50,2017-422-hb05-b747,107,7,4,44,77,33,44,18,33,9,11,51,77,9,42,23,39,4,9,12,13,32,81,83,158
50,2017-422-y061-a829,118,3,12,38,81,28,38,17,43,2,6,45,81,16,52,36,52,7,17,13,13,52,104,97,185
50,2017-422-f586-mf09,92,1,5,50,83,36,50,17,33,6,7,53,83,13,37,11,27,3,4,11,11,24,64,77,147
50,2017-422-e865-f811,117,14,7,64,103,52,64,22,39,0,2,74,103,14,59,9,41,1,4,16,17,23,100,97,203
50,2017-422-mn13-ga94,71,19,1,45,63,33,45,12,18,2,3,45,63,19,45,6,19,3,6,10,10,25,64,70,127
51,2017-6242-bd06-d923,91,3,1,28,50,19,28,12,22,0,3,31,50,23,53,16,28,5,13,10,10,39,81,70,131
51,2017-6242-d923-e831,113,2,4,54,90,34,54,19,36,7,11,53,90,16,53,21,35,4,9,14,14,37,88,90,178
51,2017-6242-bd06-sl28,74,2,2,24,45,19,24,14,21,0,1,33,45,6,28,26,36,4,8,9,9,32,64,65,109
51,2017-6242-bd06-fb98,89,5,2,33,55,28,33,16,22,0,0,44,55,10,36,17,33,2,5,10,10,27,69,71,124
51,2017-6242-sl28-cg80,84,10,5,34,67,31,34,20,33,0,0,51,67,11,46,12,22,1,3,11,11,23,68,74,135
51,2017-6242-bd06-b837,83,0,3,39,60,29,39,14,21,4,5,43,60,7,28,16,30,3,8,10,9,23,58,66,118
51,2017-6242-e831-j386,119,5,2,59,86,41,59,20,27,6,7,61,86,5,41,26,47,3,6,15,15,31,88,92,174
51,2017-6242-cg80-i186,78,2,1,33,53,26,33,15,20,1,1,41,53,11,38,12,20,3,5,10,10,23,58,64,111
51,2017-6242-fb98-l503,117,9,4,45,89,32,45,22,44,4,7,54,89,9,34,18,40,3,3,12,12,27,74,81,163
51,2017-6242-j386-b884,95,9,1,35,59,29,35,19,24,0,0,48,59,8,38,10,24,1,3,11,11,18,62,66,121
51,2017-6242-d923-ch27,70,3,0,36,50,26,36,9,14,1,2,35,50,10,27,16,31,4,8,9,9,26,58,61,108
51,2017-6242-ch27-b747,56,3,0,23,38,18,23,8,15,2,2,26,38,7,18,4,15,1,2,6,6,11,33,37,71
51,2017-6242-d923-z184,78,7,4,42,63,33,42,7,21,1,3,40,63,15,41,14,23,5,8,10,11,29,64,69,127
51,2017-6242-e831-f724,67,4,2,32,57,25,32,14,25,3,3,39,57,9,25,13,17,4,7,8,7,22,42,61,99
51,2017-6242-sl28-sa93,153,18,12,65,130,44,65,29,65,6,10,73,130,23,62,26,48,5,6,17,16,49,110,122,240
51,2017-6242-bd06-l987,71,1,4,34,55,22,34,13,21,1,4,35,55,11,22,12,22,5,8,10,9,23,44,58,99
51,2017-6242-b747-cd85,161,13,8,56,109,44,56,26,53,4,8,70,109,34,78,16,45,5,20,17,16,50,123,120,232
51,2017-6242-i186-kb54,108,13,5,52,82,40,52,17,30,2,5,57,82,11,48,12,32,3,3,14,15,23,80,80,162
51,2017-6242-sl28-c882,87,13,2,38,72,30,38,24,34,4,5,54,72,8,41,20,40,2,8,12,12,28,81,82,153
51,2017-6242-j386-l575,76,11,2,42,72,28,42,18,30,6,7,46,72,12,34,10,19,3,7,10,9,22,53,68,125
51,2017-6242-l503-mj08,144,8,5,52,94,37,52,20,42,7,10,57,94,13,42,16,41,3,7,14,14,29,83,86,177
51,2017-6242-z184-v306,126,1,7,49,90,37,49,17,41,2,6,54,90,13,45,17,37,4,5,16,15,30,82,84,172
51,2017-6242-d923-sd32,128,2,4,53,93,31,53,20,40,6,11,51,93,13,39,23,45,5,8,13,14,36,84,87,177
51,2017-6242-b884-t840,122,3,6,51,85,35,51,16,34,9,12,51,85,18,44,22,39,6,16,12,12,40,83,91,168
51,2017-6242-fb98-se73,67,12,2,22,48,18,22,18,26,0,0,36,48,16,33,12,26,3,8,9,8,28,59,64,107
51,2017-6242-sa93-bh09,117,6,5,48,96,31,48,24,48,13,16,55,96,9,34,21,33,5,8,11,11,30,67,85,163
51,2017-6242-ch27-re44,109,2,5,40,76,33,40,18,36,5,7,51,76,21,49,20,37,6,10,13,13,41,86,92,162
51,2017-6242-e831-mm58,131,4,3,57,96,38,57,20,39,7,10,58,96,17,61,18,33,3,11,14,14,35,94,93,190
51,2017-6242-cg80-y124,122,7,5,49,84,39,49,17,35,2,4,56,84,11,42,18,36,4,7,14,14,29,78,85,162
51,2017-6242-b837-v708,85,4,4,25,67,22,25,24,42,3,4,46,67,7,32,19,28,3,3,10,10,26,60,72,127
51,2017-6242-f724-sh90,91,6,3,40,73,30,40,20,33,4,6,50,73,11,34,18,38,4,5,13,12,29,72,79,145
51,2017-6242-b837-be90,97,14,6,39,66,31,39,16,27,3,5,47,66,16,46,20,37,4,7,12,12,36,83,83,149
51,2017-6242-b747-h996,80,4,5,27,53,21,27,13,26,4,5,34,53,14,37,20,29,5,14,8,9,34,66,68,119
51,2017-6242-b884-bi81,82,1,5,41,70,27,41,16,29,7,8,43,70,10,26,11,18,4,4,9,9,21,44,64,114
51,2017-6242-d923-i165,65,2,4,27,47,23,27,13,20,0,1,36,47,14,42,10,16,3,6,10,10,24,58,60,105
51,2017-6242-e831-f586,72,9,2,38,54,29,38,10,16,4,4,39,54,10,27,14,25,3,9,9,8,24,52,63,106
51,2017-6242-f724-g858,93,4,3,35,62,30,35,16,27,0,0,46,62,12,41,17,30,2,5,10,10,29,71,75,133
51,2017-6242-fb98-j267,123,12,9,58,107,45,58,20,49,9,12,65,107,8,37,22,39,4,6,15,14,30,76,95,183
51,2017-6242-kb54-kc29,86,5,7,28,59,24,28,15,31,1,2,39,59,11,35,20,32,4,8,10,10,31,67,70,126
51,2017-6242-l987-ch73,55,4,3,34,53,26,34,12,19,2,2,38,53,7,26,11,17,3,5,9,8,18,43,56,96
51,2017-6242-l575-e678,58,4,2,24,44,21,24,12,20,1,1,33,44,11,30,17,25,4,9,8,7,28,55,61,99
51,2017-6242-mj08-d801,55,8,1,32,49,25,32,12,17,0,0,37,49,3,22,11,20,3,3,9,9,14,42,51,91
51,2017-6242-re44-d632,74,11,5,24,55,22,24,18,31,3,4,40,55,5,32,19,29,3,8,10,10,24,61,64,116
51,2017-6242-sa93-t742,62,4,1,25,43,20,25,12,18,0,0,32,43,11,25,14,25,4,6,8,8,25,50,57,93
51,2017-6242-sl28-gb93,109,15,9,55,92,44,55,15,37,6,8,59,92,14,59,25,38,2,10,12,12,39,97,98,189
51,2017-6242-y124-sc73,69,3,2,37,57,24,37,13,20,1,3,37,57,13,28,12,24,5,6,9,9,25,52,62,109
51,2017-6242-z184-ke73,62,3,3,28,50,23,28,12,22,1,1,35,50,13,26,10,18,4,7,8,7,23,44,58,94
51,2017-6242-e831-e678,58,6,0,21,40,16,21,14,19,1,2,30,40,8,24,19,27,5,8,8,8,27,51,57,91
51,2017-6242-sc73-ke73,77,4,2,26,59,22,26,22,33,7,7,44,59,9,28,9,27,2,4,10,10,18,55,62,114
51,2017-6242-bi81-gh92,82,5,3,42,64,30,42,12,22,4,6,42,64,9,25,25,43,6,11,11,11,34,68,76,132
51,2017-6242-f724-kb14,66,4,3,31,49,27,31,11,18,1,1,38,49,10,30,10,19,3,6,9,9,20,49,58,98
51,2017-6242-e831-ph71,107,6,3,38,73,30,38,22,35,4,5,52,73,14,46,16,32,2,7,11,11,30,78,82,151
51,2017-6242-sc73-e661,151,10,8,55,106,44,55,27,51,6,9,71,106,23,77,17,37,3,12,17,17,40,114,111,220
51,2017-6242-gh92-be54,150,8,8,62,115,41,62,34,53,7,10,75,115,21,80,21,40,2,8,16,17,42,120,117,235
51,2017-6242-f724-sk41,63,3,3,29,52,21,29,15,23,2,2,36,52,12,27,11,18,4,4,8,7,23,45,59,97
51,2017-6242-kb14-dh58,67,5,4,35,54,23,35,8,19,2,4,31,54,11,22,19,26,6,11,8,7,30,48,61,102
51,2017-6242-ke73-sf76,127,7,8,60,105,39,60,26,45,9,13,65,105,11,48,22,42,3,8,15,14,33,90,98,195
51,2017-6242-bi81-ml73,97,4,6,41,80,32,41,21,39,6,8,53,80,11,39,21,37,4,5,10,10,32,76,85,156
51,2017-6242-e678-mj98,83,5,4,46,82,31,46,16,36,9,11,47,82,13,30,8,22,4,7,10,9,21,52,68,134
52,2017-560-n409-a678,147,1,1,45,72,38,45,19,27,0,0,57,72,17,64,28,44,4,9,14,14,45,108,102,180
52,2017-560-n409-re44,96,4,3,43,63,36,43,11,20,3,4,47,63,23,51,22,31,7,18,12,11,45,82,92,145
52,2017-560-a678-cd85,175,22,1,71,103,59,71,21,32,2,4,80,103,37,102,20,42,4,14,21,20,57,144,137,247
52,2017-560-n409-d683,151,5,2,65,90,50,65,18,25,1,2,68,90,18,63,23,32,6,13,17,16,41,95,109,185
52,2017-560-d683-f324,171,12,3,80,119,65,80,20,39,1,3,85,119,23,84,23,53,3,6,21,22,46,137,131,256
52,2017-560-cd85-sm37,119,7,3,62,97,40,62,22,35,8,10,62,97,17,45,18,27,6,8,14,14,35,72,97,169
52,2017-560-n409-d801,101,4,2,44,63,36,44,15,19,2,2,51,63,18,51,20,35,6,13,12,13,38,86,89,149
52,2017-560-a678-q927,207,22,3,99,147,81,99,29,48,1,2,110,147,16,84,31,69,2,6,23,22,47,153,157,300
52,2017-560-re44-gb88,125,12,4,56,98,46,56,20,42,1,3,66,98,21,66,29,54,5,8,16,17,50,120,116,218
52,2017-560-f324-k435,109,11,2,49,75,43,49,19,26,0,0,62,75,18,55,21,41,4,7,15,15,39,96,101,171
52,2017-560-d683-tb69,215,9,4,78,136,50,78,33,58,6,12,83,136,34,91,22,53,5,16,22,22,56,144,139,280
52,2017-560-a678-l503,177,18,3,70,107,59,70,23,37,0,2,82,107,17,65,29,61,5,9,21,20,46,126,128,233
52,2017-560-q927-z168,77,18,3,38,62,35,38,13,24,0,0,48,62,22,51,18,29,6,12,12,11,40,80,88,142
52,2017-560-cd85-su55,174,1,4,83,133,57,83,30,50,10,13,87,133,13,71,28,48,3,9,18,18,41,119,128,252
52,2017-560-sm37-pf39,155,9,4,85,136,54,85,27,51,8,14,81,136,22,70,24,41,7,9,20,20,46,111,127,247
52,2017-560-d801-t840,82,3,4,37,75,30,37,21,38,3,4,51,75,15,30,19,32,7,10,12,11,34,62,85,137
52,2017-560-gb88-mc65,75,0,0,32,53,26,32,12,21,2,2,38,53,9,27,17,34,3,5,9,9,26,61,64,114
52,2017-560-n409-md56,195,4,3,74,109,54,74,24,35,2,3,78,109,38,95,24,56,6,25,19,19,62,151,140,260
52,2017-560-re44-d923,166,7,4,91,148,55,91,28,57,13,20,83,148,33,83,25,43,9,15,21,21,58,126,141,274
52,2017-560-f324-l397,106,13,1,46,84,39,46,22,38,5,6,61,84,11,49,26,42,5,12,15,15,37,91,98,175
52,2017-560-d683-bd06,130,14,4,49,77,38,49,17,28,2,3,55,77,20,57,19,35,5,13,14,14,39,92,94,169
52,2017-560-k435-mh30,140,5,4,54,97,45,54,21,43,5,6,66,97,25,68,23,43,5,13,15,15,48,111,114,208
52,2017-560-tb69-me82,133,5,1,70,104,54,70,17,34,9,10,71,104,21,55,15,34,4,6,16,15,36,89,107,193
52,2017-560-q927-a829,128,19,3,59,103,47,59,29,44,1,2,76,103,24,78,13,28,4,9,19,19,37,106,113,209
52,2017-560-z168-i186,127,4,1,59,94,46,59,24,35,3,3,70,94,16,67,21,34,3,5,15,16,37,101,107,195
52,2017-560-l503-f586,132,7,2,52,86,34,52,17,34,5,9,51,86,25,52,19,35,8,12,14,14,44,87,95,173
52,2017-560-a678-cg80,110,12,3,55,85,43,55,18,30,5,5,61,85,19,48,10,26,4,8,14,13,29,74,90,159
52,2017-560-cd85-m873,108,4,1,58,74,44,58,9,16,2,4,53,74,22,54,20,37,6,10,14,14,42,91,95,165
52,2017-560-su55-e831,124,8,5,50,79,40,50,15,29,4,6,55,79,24,66,19,37,4,13,14,14,43,103,98,182
52,2017-560-pf39-k926,141,9,5,60,112,43,60,33,52,3,5,76,112,20,69,21,43,3,13,19,18,41,112,117,224
52,2017-560-sm37-c977,204,6,4,101,145,62,101,22,44,14,21,84,145,21,77,42,62,9,20,22,22,63,139,147,284
52,2017-560-n409-da81,173,6,3,65,106,50,65,23,41,4,6,73,106,29,75,24,43,6,11,18,17,53,118,126,224
52,2017-560-md56-se73,179,20,3,77,125,53,77,26,48,12,16,79,125,27,78,31,55,8,17,20,21,58,133,137,258
52,2017-560-t840-ta12,125,12,6,48,88,38,48,25,40,4,6,63,88,13,45,34,57,6,8,15,15,47,102,110,190
52,2017-560-d801-ba47,157,7,4,55,103,44,55,29,48,1,3,73,103,14,59,42,72,5,15,18,18,56,131,129,234
52,2017-560-gb88-pc11,260,14,6,100,177,77,100,41,77,5,7,118,177,30,110,26,72,3,9,26,28,56,182,174,359
52,2017-560-mc65-y124,197,19,13,83,154,62,83,37,71,9,14,99,154,34,96,24,58,7,13,25,26,58,154,157,308
52,2017-560-d923-sk94,131,3,6,51,86,40,51,16,35,4,9,56,86,26,56,35,53,11,16,16,17,61,109,117,195
52,2017-560-re44-d875,147,7,3,76,125,53,76,29,49,8,10,82,125,16,62,26,43,4,10,17,16,42,105,124,230
52,2017-560-l397-v306,131,11,2,64,108,49,64,20,44,6,8,69,108,18,56,21,37,6,11,17,16,39,93,108,201
52,2017-560-f324-y061,188,12,2,87,140,68,87,27,53,4,8,95,140,41,109,38,68,8,16,24,23,79,177,174,317
52,2017-560-k435-g725,87,7,3,35,64,28,35,17,29,8,8,45,64,10,27,22,33,6,12,9,9,32,60,77,124
52,2017-560-mh30-j267,120,5,1,61,96,43,61,19,35,6,9,62,96,21,51,26,37,7,13,14,12,47,88,109,184
52,2017-560-d683-mb53,130,17,4,54,85,48,54,17,31,2,2,65,85,18,57,20,40,4,7,14,15,38,97,103,182
52,2017-560-bd06-ba65,109,4,3,44,82,35,44,27,38,4,5,62,82,16,42,31,56,5,11,14,14,47,98,109,180
52,2017-560-me82-f811,137,12,3,71,114,55,71,24,43,4,6,79,114,20,57,25,42,7,7,19,17,45,99,124,213
52,2017-560-tb69-fb98,170,5,6,89,145,61,89,34,56,16,18,95,145,22,80,24,53,4,9,21,21,46,133,141,278
52,2017-560-q927-sc56,80,19,5,47,72,41,47,14,25,4,5,55,72,11,35,18,34,5,7,14,13,29,69,84,141
52,2017-560-a829-l575,236,6,7,107,173,74,107,35,66,13,19,109,173,33,100,29,69,4,12,25,25,62,169,171,342
52,2017-560-z168-pd31,169,8,4,108,158,79,108,27,50,9,11,106,158,22,87,35,68,5,16,25,25,57,155,163,313
52,2017-560-i186-ch27,106,30,2,56,77,49,56,15,21,0,0,64,77,18,51,16,42,3,4,16,15,34,93,98,170
52,2017-560-f586-tc61,177,3,6,77,117,48,77,20,40,5,12,68,117,35,91,29,46,9,17,21,22,64,137,132,254
52,2017-560-l503-ma30,208,11,10,70,147,56,70,43,77,4,6,99,147,14,68,37,68,4,11,22,20,51,136,150,283
52,2017-560-a678-g858,137,18,7,64,101,54,64,17,37,7,7,71,101,12,58,23,38,3,13,16,15,35,96,106,197
52,2017-560-cg80-z355,206,5,3,102,150,78,102,27,48,10,11,105,150,24,100,22,49,1,7,22,23,46,149,151,299
52,2017-560-su55-t786,132,2,3,65,97,50,65,18,32,3,4,68,97,13,49,22,47,3,5,16,16,35,96,103,193
52,2017-560-e831-j386,137,2,2,65,104,47,65,23,39,5,7,70,104,18,66,25,36,5,11,16,16,43,102,113,206
52,2017-560-m873-r772,207,14,7,95,141,71,95,23,46,9,13,94,141,40,102,29,56,7,24,23,22,69,158,163,299
52,2017-560-cd85-n771,103,3,0,66,88,47,66,12,22,6,7,59,88,16,44,24,44,6,10,13,14,40,88,99,176
52,2017-560-pf39-dc58,210,16,9,86,157,64,86,32,71,13,20,96,157,20,77,43,83,7,19,26,25,63,160,159,317
52,2017-560-k926-d864,148,1,3,56,91,46,56,18,35,4,6,64,91,18,59,30,57,5,12,16,16,48,116,112,207
52,2017-560-sm37-t742,140,0,4,53,103,37,53,28,50,8,11,65,103,18,46,31,52,7,14,15,15,49,98,114,201
52,2017-560-c977-mb02,100,18,6,40,83,35,40,24,43,4,5,59,83,16,42,17,28,5,10,14,13,33,70,92,153
52,2017-560-n409-l987,136,5,5,61,98,41,61,22,37,6,8,63,98,30,65,12,25,6,11,14,14,42,90,105,188
52,2017-560-da81-pl56,178,1,5,90,147,65,90,28,57,16,19,93,147,24,77,27,50,8,15,21,22,51,127,144,274
52,2017-560-se73-bu54,109,2,4,38,65,30,38,17,27,3,3,47,65,18,39,21,33,7,12,11,11,39,72,86,137
52,2017-560-md56-g628,180,9,8,52,99,41,52,26,47,1,3,67,99,21,66,32,58,6,13,17,18,53,124,120,223
52,2017-560-ta12-f510,147,9,3,58,107,45,58,27,49,3,8,72,107,27,71,32,60,8,18,18,19,59,131,131,238
52,2017-560-t840-gb93,176,11,4,79,135,62,79,29,56,9,12,91,135,22,87,37,67,4,17,23,23,59,154,150,289
52,2017-560-d801-sl28,150,10,6,65,126,52,65,30,61,4,8,82,126,13,64,38,65,5,8,21,21,51,129,133,255
52,2017-560-ba47-h940,127,9,5,62,102,45,62,22,40,8,11,67,102,12,44,29,46,6,13,15,15,41,90,108,192
52,2017-560-gb88-b747,138,12,7,64,109,47,64,24,45,8,12,71,109,21,59,25,47,6,13,18,18,46,106,117,215
52,2017-560-pc11-d632,89,3,0,49,63,38,49,10,14,1,1,48,63,21,41,19,28,7,17,11,10,40,69,88,132
52,2017-560-y124-mn13,143,8,7,58,99,46,58,21,41,3,6,67,99,13,51,19,36,5,8,17,16,32,87,99,186
52,2017-560-mc65-ca12,126,18,5,48,97,39,48,28,49,2,4,67,97,19,60,24,48,5,11,15,16,43,108,110,205
52,2017-560-d923-c882,123,2,4,73,107,47,73,17,34,8,13,64,107,27,64,24,41,8,16,16,15,51,105,115,212
52,2017-560-sk94-kc29,168,8,6,63,111,47,63,30,48,4,5,77,111,37,87,29,57,6,22,18,17,66,144,143,255
52,2017-560-re44-bh09,102,5,3,53,88,38,53,25,35,1,1,63,88,12,46,16,29,4,7,14,13,28,75,91,163
52,2017-560-d875-sn77,109,6,3,45,81,36,45,23,36,4,4,59,81,24,58,21,37,5,15,13,12,45,95,104,176
52,2017-560-f324-td51,157,17,4,63,116,49,63,29,53,1,5,78,116,23,71,32,67,6,13,21,21,55,138,133,254
52,2017-560-y061-k834,186,11,11,81,149,54,81,33,68,16,21,87,149,23,61,31,58,8,14,20,20,54,119,141,268
52,2017-560-v306-pd07,34,1,1,15,22,9,15,4,7,0,1,13,22,8,12,9,17,3,8,4,4,17,29,30,51
52,2017-560-l397-kb54,175,26,5,78,129,61,78,34,51,4,6,95,129,20,88,37,66,5,13,21,21,57,154,152,283
52,2017-560-k435-sf62,104,6,4,36,86,30,36,34,50,3,3,64,86,19,54,10,20,4,5,14,13,29,74,93,160
52,2017-560-g725-me31,208,10,4,67,128,50,67,32,61,6,12,82,128,34,83,31,56,10,26,22,21,65,139,147,267
52,2017-560-j267-mj08,226,15,9,90,167,74,90,34,77,5,10,108,167,31,98,30,70,5,16,27,26,61,168,169,335
52,2017-560-mh30-ke17,135,3,2,73,103,52,73,16,30,3,5,68,103,21,69,26,47,4,14,17,16,47,116,115,219
52,2017-560-bd06-sa93,175,4,1,77,133,49,77,36,56,13,16,85,133,19,69,32,51,6,14,19,19,51,120,136,253
52,2017-560-ba65-bd20,102,16,9,45,78,42,45,11,33,6,7,53,78,32,67,22,39,6,15,13,14,54,106,107,184
52,2017-560-mb53-k0a3,151,11,1,58,97,46,58,19,39,5,8,65,97,27,60,22,41,6,11,15,14,49,101,114,198
52,2017-560-d683-l949,154,16,6,66,104,55,66,23,38,3,4,78,104,14,69,29,55,2,9,17,17,43,124,121,228
52,2017-560-me82-be90,95,5,1,47,77,39,47,17,30,3,3,56,77,13,35,19,38,5,8,13,13,32,73,88,150
52,2017-560-f811-k336,195,7,1,83,143,56,83,38,60,3,7,94,143,16,84,27,47,3,4,22,21,43,131,137,274
52,2017-560-fb98-b837,119,7,5,60,104,40,60,25,44,8,10,65,104,9,40,29,48,5,10,15,14,38,88,103,192
52,2017-560-tb69-dh58,109,3,3,48,69,40,48,10,21,2,3,50,69,23,51,17,30,7,10,12,12,40,81,90,150
52,2017-560-q927-sd32,112,10,3,40,85,30,40,23,45,2,6,53,85,24,49,22,46,7,20,15,14,46,95,99,180
52,2017-560-a829-e873,187,3,5,73,126,50,73,32,53,1,4,82,126,32,81,35,76,6,25,20,20,67,157,149,283
52,2017-560-sc56-e865,93,2,1,53,64,45,53,8,11,0,0,53,64,28,71,15,28,5,12,13,13,43,99,96,163
52,2017-560-l575-ke29,134,7,4,69,111,57,69,22,42,3,5,79,111,15,59,24,41,6,8,18,18,39,100,118,211
52,2017-560-z168-kd35,208,11,7,116,172,84,116,29,56,5,9,113,172,33,106,25,59,4,10,27,26,58,165,171,337
52,2017-560-ch27-z184,210,16,10,85,143,67,85,26,58,12,13,93,143,21,83,31,61,3,9,19,21,52,144,145,287
52,2017-560-pd31-l797,95,14,3,47,88,43,47,20,41,6,7,63,88,26,65,15,34,5,9,14,15,41,99,104,187
52,2017-560-i186-h996,143,22,1,71,100,57,71,15,29,6,7,72,100,17,62,29,47,5,9,18,17,46,109,118,209
52,2017-560-f586-sj55,184,3,6,98,137,65,98,20,39,8,14,85,137,38,108,26,48,6,12,21,22,64,156,149,293
52,2017-560-l503-sh90,180,9,5,79,129,61,79,30,50,5,6,91,129,16,69,28,56,3,8,20,19,44,125,135,254
52,2017-560-tc61-sm25,236,8,10,111,173,73,111,26,62,9,17,99,173,34,100,32,62,8,14,24,25,66,162,165,335
52,2017-560-ma30-ta46,153,27,9,53,109,47,53,31,56,6,8,78,109,21,83,36,57,4,14,19,19,57,140,135,249
52,2017-560-a678-ab71,103,22,1,46,74,40,46,13,28,2,2,53,74,23,53,19,33,5,9,13,12,42,86,95,160
52,2017-560-g858-g983,220,20,12,83,160,66,83,38,77,11,13,104,160,29,89,26,50,6,9,21,21,55,139,159,299
52,2017-560-cg80-v708,148,9,5,68,108,49,68,21,40,4,6,70,108,24,78,23,35,4,12,16,16,47,113,117,221
52,2017-560-z355-kc86,170,6,5,71,125,49,71,31,54,8,10,80,125,30,83,28,54,4,11,17,17,58,137,138,262
52,2017-560-su55-mm58,96,6,2,64,88,46,64,13,24,2,4,59,88,22,47,23,35,7,12,14,13,45,82,104,170
52,2017-560-j386-a479,142,16,1,55,95,49,55,26,40,1,1,75,95,15,58,25,57,1,4,17,17,40,115,115,210
52,2017-560-t786-ca99,111,13,4,52,79,49,52,12,27,4,4,61,79,17,54,26,50,4,13,14,14,43,104,104,183
52,2017-560-e831-h756,114,3,1,65,95,48,65,16,30,6,7,64,95,16,60,21,33,5,12,15,15,37,93,101,188
52,2017-560-m873-f724,202,9,4,89,162,64,89,40,73,9,13,104,162,14,84,38,75,2,13,24,23,52,159,156,321
52,2017-560-cd85-kb37,124,1,1,67,92,47,67,18,25,2,3,65,92,16,45,15,38,4,5,15,14,31,83,96,175
52,2017-560-n771-t315,92,5,2,48,74,36,48,15,26,4,5,51,74,16,44,14,27,3,11,10,9,30,71,81,145
52,2017-560-r772-i165,295,12,2,120,189,83,120,40,69,10,15,123,189,55,157,33,72,6,27,29,29,88,229,211,418
52,2017-560-pf39-be54,102,8,3,52,89,39,52,27,37,8,8,66,89,20,57,14,33,3,8,15,14,34,90,100,179
52,2017-560-k926-f401,163,4,2,79,120,57,79,19,41,9,11,76,120,19,61,29,44,7,15,17,17,48,105,124,225
52,2017-560-dc58-bg23,167,9,5,46,109,36,46,33,63,1,5,69,109,40,99,38,62,8,23,18,19,78,161,147,270
52,2017-560-d864-h804,80,6,3,30,60,25,30,18,30,1,1,43,60,14,35,13,30,2,4,9,9,27,65,70,125
52,2017-560-c977-sl08,168,11,2,56,105,48,56,23,49,2,5,71,105,30,75,26,56,5,14,19,18,56,131,127,236
52,2017-560-sm37-b884,101,0,2,38,71,30,38,19,33,4,5,49,71,25,52,18,26,7,11,12,12,43,78,92,149
52,2017-560-t742-kd46,250,10,7,91,157,72,91,36,66,6,10,108,157,36,120,43,75,6,22,25,24,79,195,187,352
52,2017-560-mb02-sc73,156,3,3,78,149,52,78,33,71,16,21,85,149,19,67,24,47,5,11,19,18,43,114,128,263
53,2017-341-pd31-bg23,60,17,0,39,59,32,39,12,20,4,4,44,59,12,39,9,19,3,6,9,10,21,58,65,117
53,2017-341-g967-z168,29,4,1,16,27,15,16,6,11,0,0,21,27,6,15,4,9,2,2,5,5,10,24,31,51
53,2017-341-g967-pd31,67,3,2,35,54,30,35,10,19,0,0,40,54,9,43,23,32,3,6,10,10,32,75,72,129
53,2017-341-pd31-gb88,145,20,4,75,128,58,75,24,53,7,10,82,128,23,75,22,46,2,3,18,18,45,121,127,249
53,2017-341-z168-d750,91,5,1,59,79,43,59,12,20,8,10,55,79,20,59,6,16,3,5,12,12,26,75,81,154
53,2017-341-bg23-i165,85,6,2,49,73,31,49,18,24,4,4,49,73,16,54,15,21,3,6,10,11,31,75,80,148
53,2017-341-g967-ca99,56,8,1,34,49,26,34,9,15,0,1,35,49,9,30,13,18,4,6,9,9,22,48,57,97
53,2017-341-gb88-a479,93,13,2,61,84,47,61,8,23,4,6,55,84,12,42,21,39,4,5,13,14,33,81,88,165
53,2017-341-ca99-pf39,106,15,3,62,94,52,62,14,32,5,6,66,94,12,50,12,32,1,4,12,12,24,82,90,176
53,2017-341-bg23-ma30,72,6,2,42,62,33,42,12,20,0,0,45,62,10,37,12,23,2,5,10,10,22,60,67,122
53,2017-341-z168-l949,60,7,2,38,50,34,38,7,12,0,0,41,50,12,39,10,24,2,3,10,10,22,63,63,113
53,2017-341-pd31-g710,55,6,0,26,44,21,26,12,18,2,2,33,44,17,33,5,10,4,7,8,7,22,43,55,87
53,2017-341-g967-sd32,95,8,3,37,67,31,37,15,30,1,3,46,67,9,35,23,42,3,11,11,11,32,77,78,144
53,2017-341-d750-m873,85,6,2,45,61,34,45,11,16,1,1,45,61,19,49,7,24,2,8,11,11,26,73,71,134
53,2017-341-i165-mh16,149,18,1,74,108,60,74,16,34,1,3,76,108,24,72,22,45,3,6,17,16,46,117,122,225
53,2017-341-z168-h996,118,2,2,75,111,48,75,20,36,10,12,68,111,16,57,24,36,5,10,15,14,40,93,108,204
53,2017-341-i165-g628,114,8,3,65,98,44,65,16,33,10,13,60,98,6,34,12,32,2,2,14,13,18,66,78,164
53,2017-341-pd31-te51,57,3,2,29,51,22,29,14,22,6,7,36,51,14,38,8,14,4,7,9,9,22,52,58,103
53,2017-341-sd32-sa93,76,4,0,26,56,19,26,17,30,0,1,36,56,10,25,18,21,5,7,8,7,28,46,64,102
53,2017-341-a479-b747,100,10,1,43,68,34,43,17,25,1,2,51,68,12,52,18,34,2,8,12,12,30,86,81,154
53,2017-341-bg23-me31,122,6,8,60,91,38,60,16,31,2,7,54,91,26,77,23,41,4,13,15,15,49,118,103,209
53,2017-341-ca99-g983,66,12,3,25,51,22,25,17,26,3,3,39,51,17,41,13,25,3,10,9,8,30,66,69,117
53,2017-341-g967-gb93,96,10,3,56,86,43,56,17,30,4,6,60,86,22,78,21,33,3,8,14,16,43,111,103,197
53,2017-341-g710-ba98,162,17,0,64,99,51,64,23,35,1,2,74,99,24,86,11,33,0,7,16,17,35,119,109,218
53,2017-341-l949-m850,74,12,2,33,55,27,33,12,22,0,1,39,55,13,34,16,29,4,6,10,10,29,63,68,118
53,2017-341-mh16-kc29,126,6,1,56,86,42,56,11,30,6,10,53,86,28,64,20,40,5,18,14,14,48,104,101,190
53,2017-341-m873-ba65,74,10,2,38,60,30,38,12,22,1,2,42,60,12,34,15,27,3,7,10,9,27,61,69,121
53,2017-341-g967-mg08,61,7,2,39,62,35,39,11,23,4,4,46,62,16,42,8,19,2,5,10,9,24,61,70,123
53,2017-341-te51-mh16,129,15,2,80,115,59,80,17,35,5,6,76,115,16,61,17,34,3,4,16,15,33,95,109,210
53,2017-341-ba98-hh26,154,5,0,83,105,63,83,9,22,7,10,72,105,19,74,27,51,2,7,16,17,46,125,118,230
53,2017-341-g967-sj22,59,8,0,23,42,20,23,16,19,0,0,36,42,12,35,11,20,3,4,9,9,23,55,59,97
53,2017-341-me31-d750,102,0,2,40,73,30,40,21,33,0,1,51,73,18,58,6,17,2,3,12,12,24,75,75,148
53,2017-341-te51-o340,83,3,0,55,84,36,55,16,29,6,7,52,84,13,34,12,24,4,9,10,10,25,58,77,142
53,2017-341-mg08-hb48,67,3,2,34,52,27,34,11,18,1,1,38,52,22,54,11,19,4,7,9,10,33,73,71,125
53,2017-341-me31-z419,78,0,0,39,65,26,39,16,26,1,3,42,65,16,42,9,16,4,4,11,11,25,58,67,123
53,2017-341-mh16-sq86,78,8,6,38,65,26,38,13,27,6,9,39,65,16,33,15,24,6,10,10,10,31,57,70,122
53,2017-341-ba98-k839,94,2,1,53,64,38,53,7,11,4,5,45,64,20,54,14,30,3,13,10,11,34,84,79,148
53,2017-341-hh26-d787,124,10,4,46,86,34,46,21,40,1,4,55,86,19,62,24,45,3,8,14,13,43,107,98,193
53,2017-341-d750-mi11,62,9,3,42,54,31,42,4,12,4,5,35,54,18,29,9,13,5,8,8,7,27,42,62,96
54,2017-568-f510-bd06,148,4,3,62,103,45,62,24,41,2,5,69,103,17,70,18,40,1,2,16,16,35,110,104,213
54,2017-568-d923-sl28,80,3,3,32,58,22,32,15,26,2,4,37,58,13,44,24,34,5,7,10,11,37,78,74,136
54,2017-568-d923-f510,114,3,3,56,91,37,56,21,35,5,8,58,91,19,46,21,46,4,7,14,13,40,92,98,183
54,2017-568-bd06-t840,72,1,2,32,53,23,32,11,21,4,5,34,53,11,25,15,22,5,8,8,7,26,47,60,100
54,2017-568-sl28-t786,109,5,2,41,74,32,41,19,33,2,4,51,74,16,53,20,38,4,8,13,13,36,91,87,165
54,2017-568-d923-bi23,112,0,6,51,86,32,51,19,35,8,12,51,86,30,65,15,36,5,10,13,14,45,101,96,187
54,2017-568-bd06-sc73,100,4,2,48,73,34,48,13,25,6,9,47,73,12,44,20,24,6,12,13,13,32,68,79,141
54,2017-568-f510-be90,59,3,3,28,46,21,28,11,18,2,3,32,46,11,19,19,30,5,10,8,7,30,49,62,95
54,2017-568-f510-y061,119,2,4,53,97,41,53,26,44,4,5,67,97,13,50,17,38,2,4,15,15,30,88,97,185
54,2017-568-bi23-me82,99,2,2,45,77,32,45,16,32,6,9,48,77,17,47,14,23,5,8,12,12,31,70,79,147
54,2017-568-t786-sh90,129,16,1,52,79,47,52,13,27,2,3,60,79,29,81,18,36,2,9,14,15,47,117,107,196
54,2017-568-t840-pc11,147,9,1,57,101,44,57,25,44,4,6,69,101,28,75,15,36,2,7,16,16,43,111,112,212
54,2017-568-sl28-f586,84,6,6,42,75,33,42,10,33,11,13,43,75,13,27,14,26,5,8,9,8,27,53,70,128
54,2017-568-d923-b837,98,1,3,36,64,27,36,12,28,0,3,39,64,12,37,27,47,4,10,11,11,39,84,78,148
54,2017-568-k435-td47,61,3,5,28,59,22,28,15,31,5,6,37,59,8,22,16,21,5,6,8,8,24,43,61,102
54,2017-568-d923-l503,118,0,5,41,81,28,41,17,40,9,13,45,81,22,42,16,36,6,9,12,12,38,78,83,159
54,2017-568-t840-kb54,105,9,3,43,83,41,43,19,40,4,5,60,83,13,42,15,41,1,4,12,12,28,83,88,166
54,2017-568-b837-z184,112,18,4,54,77,44,54,9,23,6,6,53,77,12,43,19,37,2,12,11,11,31,80,84,157
54,2017-568-sl28-cg80,103,11,4,52,82,40,52,18,30,4,6,58,82,15,51,13,26,3,8,14,13,28,77,86,159
54,2017-568-be90-mn20,95,2,4,45,77,37,45,17,32,2,3,54,77,11,49,17,30,3,7,13,13,28,79,82,156
54,2017-568-bi23-g858,63,3,0,37,44,27,37,6,7,0,0,33,44,9,27,17,25,4,11,8,7,26,52,59,96
54,2017-568-f586-mm58,93,1,6,33,63,26,33,16,30,0,3,42,63,17,55,21,30,4,11,12,12,38,85,80,148
54,2017-568-sc73-a829,116,4,7,48,91,28,48,21,43,8,12,49,91,22,47,17,31,6,13,12,12,39,78,88,169
54,2017-568-pc11-l987,82,3,0,40,57,32,40,9,17,1,3,41,57,17,44,13,26,4,10,10,11,30,70,71,127
54,2017-568-sh90-d864,99,5,2,46,72,34,46,14,26,5,7,48,72,18,46,19,38,4,8,10,11,37,84,85,156
54,2017-568-y061-sj55,93,5,4,43,77,32,43,22,34,3,3,54,77,18,52,5,19,1,4,11,11,23,71,77,148
54,2017-568-bi23-a829,117,7,0,56,87,34,56,17,31,2,6,51,87,21,58,15,28,5,9,13,14,36,86,87,173
54,2017-568-sj55-e180,103,1,1,57,74,38,57,7,17,4,6,45,74,23,58,18,27,4,12,10,10,41,85,86,159
54,2017-568-mn20-v717,63,2,1,37,55,30,37,9,18,3,3,39,55,18,31,4,15,4,4,8,8,22,46,61,101
54,2017-568-g858-n561,70,6,3,20,41,18,20,13,21,2,2,31,41,13,29,18,29,5,10,7,8,31,58,62,99
54,2017-568-a829-k596,116,2,2,47,80,27,47,17,33,4,8,44,80,24,51,24,47,6,17,12,12,48,98,92,178
54,2017-568-sj55-ge28,64,2,0,41,48,30,41,3,7,3,3,33,48,10,25,23,33,5,13,7,7,33,58,66,106
54,2017-568-v717-kd87,85,1,1,34,58,24,34,13,24,4,5,37,58,14,38,24,33,5,11,9,9,38,71,75,129
54,2017-568-g858-v850,105,8,4,37,69,30,37,21,32,0,2,51,69,14,49,24,43,4,11,14,13,38,92,89,161
54,2017-568-mn20-g681,122,9,4,48,79,34,48,10,31,4,10,44,79,21,49,28,44,8,15,14,14,49,93,93,172
54,2017-568-bi23-ha28,55,2,1,28,40,23,28,9,12,0,0,32,40,19,35,12,25,4,10,8,8,31,60,63,100
54,2017-568-e180-mi33,96,1,1,44,76,33,44,17,32,3,5,50,76,15,40,19,38,3,7,11,11,34,78,84,154
54,2017-568-n561-kd70,89,6,3,34,64,23,34,19,30,6,7,42,64,11,37,17,26,3,6,10,9,28,63,70,127
55,2017-7581-i165-b837,24,3,0,10,16,7,10,5,6,0,0,12,16,2,4,5,12,0,0,3,2,7,16,19,32
55,2017-7581-i165-se73,99,11,1,53,74,42,53,10,21,1,2,52,74,20,51,15,26,6,9,13,13,35,77,87,151
55,2017-7581-se73-l987,64,1,0,32,50,24,32,11,18,2,3,35,50,11,32,10,19,4,6,9,9,21,51,56,101
55,2017-7581-b837-pc11,122,12,3,50,93,34,50,24,43,5,8,58,93,24,62,14,29,5,12,15,15,38,91,96,184
55,2017-7581-b837-l575,62,9,3,37,51,30,37,6,14,1,2,36,51,16,38,9,15,4,5,9,8,25,53,61,104
55,2017-7581-i165-dc58,150,12,1,85,118,66,85,11,33,12,14,77,118,19,68,19,46,1,7,16,16,38,114,115,232
55,2017-7581-pc11-fb98,102,5,2,49,73,35,49,13,24,5,6,48,73,16,56,20,30,3,10,10,11,36,86,84,159
55,2017-7581-pc11-tb69,116,1,0,56,84,35,56,20,28,3,4,55,84,12,49,22,39,2,8,11,11,34,88,89,172
55,2017-7581-l987-r772,67,4,1,39,50,30,39,8,11,0,0,38,50,11,33,12,19,3,5,9,8,23,52,61,102
55,2017-7581-i165-ke29,65,8,0,34,53,29,34,10,19,3,3,39,53,3,19,19,31,3,6,9,8,22,50,61,103
55,2017-7581-l575-re44,54,3,1,34,46,27,34,8,12,2,2,35,46,5,18,17,27,4,12,8,7,22,45,57,91
55,2017-7581-se73-mj08,62,3,1,29,47,22,29,13,18,1,1,35,47,13,33,9,15,4,6,8,9,22,48,57,95
55,2017-7581-dc58-e831,99,7,6,33,56,30,33,11,23,3,5,41,56,13,44,27,50,4,10,11,12,40,94,81,150
55,2017-7581-b837-g967,107,8,4,48,78,38,48,18,30,1,2,56,78,13,52,30,49,4,8,14,15,43,101,99,179
55,2017-7581-fb98-bg23,87,12,3,51,73,38,51,11,22,3,5,49,73,23,54,13,29,4,8,13,12,36,83,85,156
55,2017-7581-se73-pf00,22,0,0,9,19,7,9,9,10,0,0,16,19,3,8,7,9,2,3,4,3,10,17,26,36
55,2017-7581-e831-ta46,62,9,2,25,52,23,25,16,27,2,2,39,52,10,33,9,17,3,5,9,9,19,50,58,102
55,2017-7581-bg23-t840,102,4,2,60,90,38,60,13,30,5,9,51,90,19,51,22,36,5,15,13,12,41,87,92,177
55,2017-7581-g967-md56,55,9,1,30,55,27,30,12,25,4,4,39,55,14,30,6,11,4,4,8,8,20,41,59,96
55,2017-7581-b837-pd07,167,8,6,69,113,59,69,19,44,3,5,78,113,13,51,27,62,3,4,17,17,40,113,118,226
55,2017-7581-dc58-te51,145,9,3,65,110,51,65,26,45,5,6,77,110,6,50,21,51,3,6,18,18,27,101,104,211
55,2017-7581-fb98-w571,63,6,2,29,51,25,29,12,22,2,2,37,51,10,32,15,27,4,9,9,10,25,59,62,110
55,2017-7581-i165-sl28,106,9,2,50,78,41,50,15,28,4,4,56,78,10,39,25,48,1,13,11,10,35,87,91,165
55,2017-7581-l987-mb53,75,9,0,51,59,42,51,4,8,0,1,46,59,15,50,11,15,2,4,11,10,26,65,72,124
55,2017-7581-l575-y268,66,8,4,37,58,28,37,8,21,4,6,36,58,16,34,12,17,5,9,9,8,28,51,64,109
55,2017-7581-mj08-wb32,119,7,5,62,91,42,62,17,29,4,7,59,91,15,50,20,43,3,5,13,14,35,93,94,184
55,2017-7581-pc11-cg80,99,6,0,46,66,36,46,15,20,3,3,51,66,13,51,12,25,1,4,11,11,25,76,76,142
55,2017-7581-fb98-c582,62,11,1,26,44,26,26,9,18,0,1,35,44,13,33,12,25,4,7,9,9,25,58,60,102
55,2017-7581-te51-gc88,56,8,4,25,40,23,25,7,15,0,0,30,40,20,37,14,24,5,8,7,8,34,61,64,101
55,2017-7581-mb53-w614,74,4,2,39,53,27,39,9,14,4,5,36,53,18,41,13,16,5,9,8,8,31,57,67,110
55,2017-7581-fb98-q019,56,13,1,27,46,25,27,15,19,0,0,40,46,12,41,13,24,2,10,10,9,25,65,65,111
55,2017-7581-pf00-x015,82,14,5,39,62,36,39,13,23,0,1,49,62,14,48,13,25,2,2,11,11,27,73,76,135
55,2017-7581-te51-sx90,61,8,3,26,46,24,26,12,20,0,0,36,46,14,35,7,16,3,5,9,9,21,51,57,97
55,2017-7581-mb53-tg30,53,3,2,24,38,23,24,9,14,0,0,32,38,14,33,10,18,4,8,8,9,24,51,56,89
55,2017-7581-gc88-n598,73,6,4,37,60,30,37,11,23,2,3,41,60,12,36,17,29,4,7,10,10,29,65,70,125
55,2017-7581-pf00-u134,131,10,3,70,116,52,70,22,46,7,10,74,116,19,61,14,41,3,8,17,16,33,102,107,218
55,2017-7581-c582-m760,48,5,0,26,40,20,26,10,14,1,1,30,40,4,21,9,16,1,3,7,6,13,37,43,77
55,2017-7581-w614-sf89,72,2,0,28,46,20,28,14,18,0,0,34,46,21,40,11,25,4,13,8,8,32,65,66,111
55,2017-7581-x015-v576,92,9,3,53,78,42,53,16,25,2,3,58,78,8,49,26,43,1,2,12,12,34,92,92,170
56,2017-6967-gb88-d801,123,15,0,54,89,43,54,21,35,2,4,64,89,13,46,18,43,4,9,16,15,31,89,95,178
56,2017-6967-d801-d923,73,8,3,35,65,31,35,14,30,3,3,45,65,13,43,7,14,2,4,10,9,20,57,65,122
56,2017-6967-d923-z355,91,1,2,35,68,26,35,18,33,5,7,44,68,9,36,15,24,4,7,11,11,24,60,68,128
56,2017-6967-gb88-l949,137,5,3,66,101,56,66,20,35,2,3,76,101,11,62,19,45,2,3,16,17,30,107,106,208
56,2017-6967-gb88-y124,64,6,2,26,43,20,26,10,17,1,2,30,43,14,36,19,28,5,10,8,9,33,64,63,107
56,2017-6967-d801-sc56,74,9,0,30,55,25,30,15,25,0,1,40,55,13,42,15,27,2,3,10,10,28,69,68,124
56,2017-6967-z355-d632,168,15,6,64,107,46,64,23,43,4,8,69,107,27,78,15,39,3,7,17,17,42,117,111,224
56,2017-6967-l949-z371,126,11,5,55,88,44,55,15,33,4,5,59,88,14,53,23,42,3,9,13,14,37,95,96,183
56,2017-6967-gb88-d864,84,7,2,44,69,38,44,12,25,1,1,50,69,7,33,10,25,1,2,11,10,17,58,67,127
56,2017-6967-sc56-z168,106,2,2,56,85,44,56,17,29,0,1,61,85,15,46,14,32,3,4,15,14,29,78,90,163
56,2017-6967-z371-l503,148,12,4,61,111,49,61,22,50,5,7,71,111,16,63,14,27,2,4,16,15,30,90,101,201
56,2017-6967-d801-sc77,107,7,2,34,65,26,34,21,31,0,1,47,65,13,49,16,29,2,8,11,11,29,78,76,143
56,2017-6967-d923-l797,74,5,3,32,55,23,32,15,23,0,0,38,55,18,46,14,31,3,12,9,10,32,77,70,132
56,2017-6967-y124-ca12,95,11,2,42,65,31,42,12,23,1,3,43,65,13,40,19,35,3,6,11,11,32,75,75,140
56,2017-6967-l949-ca99,128,17,6,53,83,43,53,17,30,3,5,60,83,9,42,28,52,3,10,15,14,37,94,97,177
56,2017-6967-d801-hg86,64,11,1,33,46,29,33,11,13,0,0,40,46,7,29,12,24,2,2,10,9,19,53,59,99
56,2017-6967-d923-mh30,77,11,3,33,55,27,33,13,22,2,4,40,55,12,35,14,26,4,7,11,11,26,61,66,116
56,2017-6967-l949-sh90,69,7,4,21,44,15,21,16,23,1,1,31,44,14,35,20,28,5,9,7,8,34,63,65,107
56,2017-6967-ca12-g983,113,14,3,50,79,41,50,13,29,7,8,54,79,17,46,13,33,2,4,11,11,30,79,84,158
56,2017-6967-y124-ki74,111,6,4,43,80,30,43,24,37,1,3,54,80,19,54,13,29,3,4,12,12,32,83,86,163
56,2017-6967-ca99-j267,139,15,4,56,93,42,56,17,37,6,9,59,93,18,53,22,42,4,12,14,14,40,95,99,188
56,2017-6967-d632-z272,112,6,1,56,87,40,56,17,31,13,15,57,87,17,58,18,31,3,6,12,12,35,89,92,176
56,2017-6967-d864-sq80,123,9,6,50,90,37,50,25,40,4,5,62,90,16,52,19,47,2,7,14,15,35,99,97,189
56,2017-6967-l797-g710,65,4,0,32,49,26,32,14,17,0,0,40,49,10,33,11,22,2,3,10,9,21,55,61,104
56,2017-6967-sc56-e690,88,7,1,39,59,31,39,12,20,1,2,43,59,18,46,14,20,4,8,9,9,32,66,75,125
56,2017-6967-sc77-kc29,73,16,2,33,51,30,33,8,18,0,0,38,51,13,34,13,22,3,6,9,9,26,56,64,107
56,2017-6967-z371-sc73,80,5,2,30,47,21,30,10,17,4,5,31,47,17,37,18,31,5,11,8,9,35,68,66,115
56,2017-6967-hg86-j551,151,4,5,48,97,34,48,23,49,4,8,57,97,11,46,18,29,5,7,15,15,29,75,86,172
56,2017-6967-l797-pg94,78,10,3,35,61,30,35,11,26,0,1,41,61,11,28,8,21,3,6,10,9,19,49,60,110
56,2017-6967-e690-ph71,107,12,6,59,90,45,59,15,31,7,10,60,90,26,55,13,24,7,11,14,12,39,79,99,169
56,2017-6967-ph71-a829,70,8,1,15,30,15,15,13,15,0,0,28,30,19,43,12,23,3,12,7,7,31,66,59,96
56,2017-6967-z371-mi01,112,8,3,45,77,26,45,16,32,5,9,42,77,16,40,20,32,6,10,10,11,36,72,78,149
56,2017-6967-j551-s604,73,9,0,39,54,31,39,7,15,0,1,38,54,12,33,12,25,4,4,10,10,24,58,62,112
56,2017-6967-l797-tf58,74,11,3,39,67,33,39,13,28,4,4,46,67,4,25,12,25,2,5,10,9,16,50,62,117
56,2017-6967-e690-sf76,87,6,2,40,61,32,40,11,21,2,3,43,61,12,33,13,25,3,7,10,9,25,58,68,119
56,2017-6967-mi01-h997,63,0,3,32,55,26,32,11,23,1,2,37,55,17,33,5,12,4,8,9,8,22,45,59,100
56,2017-6967-hg86-o522,109,14,5,57,90,47,57,15,33,5,8,62,90,16,48,14,35,4,8,15,15,30,83,92,173
56,2017-6967-pg94-r685,104,5,3,45,66,27,45,11,21,5,8,38,66,13,39,20,26,5,6,10,9,33,65,71,131
56,2017-6967-z371-be69,79,5,3,31,58,25,31,13,27,3,5,38,58,14,38,19,29,4,7,10,9,33,67,71,125
57,2017-747-n409-d875,136,1,1,61,90,41,61,18,29,10,12,59,90,18,54,17,30,5,13,13,13,35,84,94,174
57,2017-747-n409-ke17,92,2,1,37,56,26,37,11,19,4,4,37,56,10,31,23,33,4,12,8,7,33,64,70,120
57,2017-747-ke17-z355,78,11,0,39,56,34,39,12,17,1,1,46,56,7,30,13,27,2,5,11,10,20,57,66,113
57,2017-747-n409-i186,104,5,0,40,68,29,40,23,28,3,3,52,68,18,58,9,15,1,4,11,11,27,73,79,141
57,2017-747-z355-re44,70,9,4,42,67,30,42,13,25,6,7,43,67,13,26,10,20,4,5,9,8,23,46,66,113
57,2017-747-d875-bd06,149,12,4,56,94,42,56,21,38,2,4,63,94,15,51,23,48,3,9,15,15,38,99,101,193
57,2017-747-n409-ke29,89,3,0,37,59,26,37,15,22,6,6,41,59,14,41,17,27,3,10,9,9,31,68,72,127
57,2017-747-ke17-d632,30,12,2,17,28,16,17,5,11,0,0,21,28,10,13,6,8,4,6,5,4,16,21,37,49
57,2017-747-z355-f510,72,4,4,40,62,30,40,10,22,2,3,40,62,9,28,16,28,4,9,9,9,25,56,65,118
57,2017-747-d875-d683,120,4,4,57,87,42,57,14,30,5,7,56,87,11,41,18,34,3,4,12,12,29,75,85,162
57,2017-747-bd06-bh09,51,2,0,22,30,18,22,4,8,1,1,22,30,9,14,14,19,5,9,5,5,23,33,45,63
57,2017-747-i186-md56,59,8,1,31,46,26,31,8,15,1,1,34,46,11,24,10,20,4,4,8,7,21,44,55,90
57,2017-747-n409-pf39,151,4,7,73,102,59,73,15,29,3,4,74,102,15,65,24,45,1,4,17,17,39,110,113,212
57,2017-747-re44-ba47,108,6,10,41,88,27,41,22,47,5,9,49,88,11,41,28,40,5,10,12,12,39,81,88,169
57,2017-747-d632-l987,73,1,0,41,66,32,41,15,25,4,4,47,66,11,34,8,17,2,5,10,9,19,51,66,117
57,2017-747-z355-e831,92,7,3,36,65,28,36,18,29,0,1,46,65,12,40,22,42,3,10,10,11,34,82,80,147
57,2017-747-d875-d923,114,9,9,57,95,44,57,18,38,8,9,62,95,20,49,10,25,3,8,13,12,30,74,92,169
57,2017-747-d632-cd85,80,1,1,31,46,24,31,8,15,3,4,32,46,22,47,14,23,5,10,8,8,36,70,68,116
57,2017-747-i186-j267,53,11,0,30,43,28,30,8,13,0,0,36,43,8,25,10,18,3,4,9,8,18,43,54,86
57,2017-747-bd06-z272,60,4,2,22,46,18,22,16,24,2,2,34,46,10,33,12,14,4,5,8,8,22,47,56,93
57,2017-747-ba47-dc58,90,5,3,38,69,30,38,12,31,1,4,42,69,11,44,13,23,3,7,12,11,24,67,66,136
57,2017-747-ke17-z168,82,11,1,38,61,32,38,15,23,0,1,47,61,15,45,11,26,4,4,12,13,26,71,73,132
57,2017-747-ke17-bg23,56,12,3,22,43,19,22,14,21,0,0,33,43,15,32,11,17,4,6,8,7,26,49,59,92
57,2017-747-bh09-g710,73,6,2,26,44,23,26,13,18,0,0,36,44,15,42,11,17,3,7,9,9,26,59,62,103
57,2017-747-d683-c882,99,11,1,48,75,39,48,16,27,3,3,55,75,7,42,13,26,1,2,11,11,20,68,75,143
57,2017-747-f510-h756,93,2,5,49,82,38,49,10,33,9,12,48,82,15,36,16,31,5,13,10,10,31,67,79,149
57,2017-747-ke29-w571,70,3,4,21,45,16,21,16,24,0,1,32,45,19,42,13,25,4,8,9,9,32,67,64,112
57,2017-747-l987-v306,86,1,1,65,81,43,65,11,16,4,6,54,81,11,43,13,24,4,6,13,12,24,67,78,148
57,2017-747-md56-l503,178,12,5,56,114,41,56,31,58,4,7,72,114,22,71,23,48,3,7,17,17,45,119,117,233
57,2017-747-re44-sm25,89,6,8,42,81,33,42,20,39,5,6,53,81,14,38,17,35,4,6,12,12,31,73,84,154
57,2017-747-z168-sl28,126,9,2,64,96,49,64,15,32,4,6,64,96,9,43,28,59,3,12,16,16,37,102,101,198
57,2017-747-g710-cg80,87,1,2,38,65,29,38,17,27,5,5,46,65,12,31,7,21,2,6,10,9,19,52,65,117
57,2017-747-l987-sc73,100,3,0,59,79,41,59,14,20,8,11,55,79,18,49,19,37,5,7,15,15,37,86,92,165
57,2017-747-d632-pb22,161,2,2,68,119,48,68,22,51,6,10,70,119,11,46,27,56,4,9,17,17,38,102,108,221
57,2017-747-j267-sc77,127,2,3,45,94,38,45,21,49,3,4,59,94,9,44,18,33,2,5,11,11,27,77,86,171
57,2017-747-cg80-gc88,81,1,5,30,54,24,30,11,24,2,4,35,54,11,31,20,27,5,6,9,10,31,58,66,112
57,2017-747-sc73-tg30,61,2,0,25,44,19,25,10,19,0,1,29,44,9,26,21,28,5,11,8,8,30,54,59,98
57,2017-747-d632-sx90,79,2,2,32,47,21,32,7,15,0,3,28,47,19,41,18,30,6,9,9,9,37,71,65,118
57,2017-747-j267-z371,81,4,1,30,49,25,30,9,19,0,1,34,49,10,31,24,38,4,9,9,8,34,69,68,118
57,2017-747-g710-ca12,79,0,5,22,55,15,22,20,33,3,5,35,55,11,27,17,24,5,10,9,8,28,51,63,106
57,2017-747-l987-g983,103,3,4,66,91,42,66,12,25,7,11,54,91,20,49,15,30,5,10,14,13,35,79,89,170
57,2017-747-sc77-mj08,155,11,5,73,118,58,73,18,45,3,5,76,118,19,66,19,39,4,10,17,16,38,105,114,223
57,2017-747-pb22-d646,86,4,2,31,60,21,31,20,29,3,5,41,60,12,41,15,31,2,7,11,11,27,72,68,132
58,2017-329-gb88-me82,84,3,1,35,56,28,35,15,21,1,2,43,56,11,40,15,26,3,6,11,10,26,66,69,122
58,2017-329-gb88-sm37,124,6,1,42,86,33,42,25,44,2,3,58,86,9,44,21,43,1,5,12,12,30,87,88,173
58,2017-329-me82-c977,163,8,5,57,102,40,57,23,45,8,10,63,102,20,63,32,49,6,15,14,14,52,112,115,214
58,2017-329-c977-h940,53,11,0,21,34,20,21,9,13,0,0,29,34,13,26,9,13,5,9,7,7,22,39,51,73
58,2017-329-sm37-j386,93,3,0,37,59,29,37,15,22,1,1,44,59,16,48,19,27,4,17,9,9,35,75,79,134
58,2017-329-c977-u134,74,14,1,34,54,30,34,11,20,1,1,41,54,9,31,8,19,2,2,10,9,17,50,58,104
58,2017-329-gb88-g628,97,8,3,35,64,28,35,16,29,3,4,44,64,10,33,16,24,4,8,10,10,26,57,70,121
58,2017-329-me82-se73,112,6,1,44,76,31,44,13,32,10,13,44,76,24,53,20,28,6,18,9,9,44,81,88,157
58,2017-329-se73-r975,8,0,0,0,0,0,0,0,0,0,0,0,0,2,5,3,3,1,3,0,1,5,8,5,8
58,2017-329-h940-a678,121,2,2,53,91,39,53,21,38,5,7,60,91,10,47,14,34,1,3,14,14,24,81,84,172
58,2017-329-sm37-ta46,57,2,2,29,54,25,29,14,25,1,1,39,54,13,30,9,15,4,7,8,8,22,45,61,99
58,2017-329-gb88-e690,140,8,7,55,104,38,55,24,49,8,14,62,104,25,66,23,41,5,9,16,16,48,107,110,211
58,2017-329-j386-d801,61,6,2,27,47,25,27,10,20,1,2,35,47,8,28,14,20,4,6,9,9,22,48,57,95
58,2017-329-me82-v708,70,6,5,33,64,26,33,17,31,4,4,43,64,12,29,8,16,3,5,9,8,20,45,63,109
58,2017-329-g628-l575,89,2,1,36,56,25,36,12,20,3,5,37,56,18,43,19,33,5,12,9,9,37,76,74,132
58,2017-329-c977-te51,74,8,3,29,48,24,29,11,19,0,1,35,48,8,30,16,20,4,11,9,8,24,50,59,98
58,2017-329-gb88-l397,75,12,2,47,68,37,47,10,21,4,4,47,68,8,32,13,22,3,8,10,9,21,54,68,122
58,2017-329-j386-tb69,139,10,2,52,97,40,52,28,45,3,5,68,97,20,74,20,43,2,13,16,16,40,117,108,214
58,2017-329-a678-sd32,92,17,3,41,57,35,41,10,16,0,0,45,57,10,40,17,33,2,9,10,10,27,73,72,130
58,2017-329-r975-t840,72,16,2,42,63,32,42,11,21,1,1,43,63,12,39,4,8,2,2,10,9,16,47,59,110
58,2017-329-d801-mm58,61,4,3,26,50,18,26,14,24,2,3,32,50,11,24,17,27,5,12,8,7,28,51,60,101
58,2017-329-v708-r772,129,7,8,51,88,34,51,19,37,6,9,53,88,16,40,22,43,4,9,13,12,38,83,91,171
58,2017-329-g628-q927,89,3,0,44,65,37,44,14,21,5,5,51,65,11,39,12,33,1,5,11,11,23,72,74,137
58,2017-329-sm37-y124,77,3,2,31,49,26,31,11,18,0,1,37,49,17,44,16,25,4,14,10,10,33,69,70,118
58,2017-329-h940-tf58,121,5,4,45,90,29,45,25,45,6,10,54,90,15,43,22,44,5,9,15,15,37,87,91,177
58,2017-329-l575-da81,62,4,0,26,41,23,26,10,15,2,2,33,41,14,35,13,20,4,10,8,8,27,55,60,96
58,2017-329-me82-sc47,104,10,1,47,78,33,47,17,31,2,5,50,78,15,36,12,29,4,4,12,12,27,65,77,143
58,2017-329-e690-k336,67,3,4,33,51,28,33,10,18,3,3,38,51,8,34,12,18,3,5,9,10,20,52,58,103
58,2017-329-ta46-sh90,106,10,3,62,98,46,62,15,36,5,7,61,98,9,38,15,34,3,7,14,13,24,72,85,170
58,2017-329-se73-pd31,34,3,2,16,23,15,16,1,7,0,1,16,23,4,16,11,14,2,3,5,5,15,30,31,53
58,2017-329-u134-sf76,124,9,1,47,72,39,47,15,25,2,3,54,72,18,58,22,35,3,11,13,12,40,93,94,165
58,2017-329-te51-td51,75,3,0,30,52,23,30,13,22,3,4,36,52,13,36,15,24,4,9,9,9,28,60,64,112
58,2017-329-sf76-a829,128,3,0,46,80,32,46,13,34,2,8,45,80,29,67,16,30,6,17,14,14,45,97,90,177
58,2017-329-e690-h997,57,3,3,29,49,20,29,14,20,4,5,34,49,17,30,11,22,5,11,8,8,28,52,62,101
58,2017-329-td51-u174,66,5,2,39,60,30,39,9,21,4,5,39,60,10,31,13,22,4,7,9,9,23,53,62,113
58,2017-329-tf58-pd07,101,2,5,39,82,28,39,26,43,11,12,54,82,11,32,14,28,3,4,10,10,25,60,79,142
58,2017-329-pd07-wb08,121,11,2,52,84,36,52,18,32,5,8,54,84,14,48,23,43,3,8,12,12,37,91,91,175
58,2017-329-e690-kc29,78,11,0,44,66,35,44,17,22,0,0,52,66,13,45,13,29,1,2,11,11,26,74,78,140
58,2017-329-a829-o522,152,5,5,86,125,64,86,26,39,8,8,90,125,14,71,21,47,1,6,18,18,35,118,125,243
58,2017-329-sf76-j551,82,8,1,41,68,32,41,16,27,5,5,48,68,8,31,9,23,2,7,10,10,17,54,65,122
58,2017-329-tf58-mb53,60,5,3,21,43,16,21,13,22,4,5,29,43,16,27,12,19,6,10,7,8,28,46,57,89
58,2017-329-te51-i230,135,9,4,51,93,41,51,23,42,5,7,64,93,18,56,14,34,3,7,15,15,32,90,96,183
58,2017-329-h997-sy67,68,7,3,25,46,22,25,13,21,0,1,35,46,16,41,19,31,4,10,9,10,35,72,70,118
59,2017-5014-f324-n409,72,10,0,30,44,25,30,11,14,0,0,36,44,17,45,8,16,3,7,9,10,25,61,61,105
59,2017-5014-n409-c977,132,4,2,52,72,40,52,12,20,3,5,52,72,22,61,17,31,3,12,12,12,39,92,91,164
59,2017-5014-f324-d683,117,7,0,46,64,40,46,10,18,0,1,50,64,26,74,18,37,3,10,13,14,44,111,94,175
59,2017-5014-n409-d875,152,6,2,71,95,53,71,17,24,2,2,70,95,20,72,12,24,2,6,16,15,32,96,102,191
59,2017-5014-f324-g628,78,5,2,48,61,36,48,7,13,2,3,43,61,12,39,13,24,3,8,11,11,25,63,68,124
59,2017-5014-n409-f510,63,7,0,36,46,28,36,6,10,2,2,34,46,8,24,12,19,4,5,8,8,20,43,54,89
59,2017-5014-c977-r772,81,10,0,38,60,33,38,10,22,3,4,43,60,10,35,10,17,3,10,10,9,20,52,63,112
59,2017-5014-d683-z355,116,12,0,55,75,49,55,13,20,1,2,62,75,15,72,14,26,1,3,15,16,29,98,91,173
59,2017-5014-f324-d801,61,11,1,37,46,29,37,8,9,1,1,37,46,15,42,14,26,3,7,9,9,29,68,66,114
59,2017-5014-c977-j386,88,12,2,37,60,32,37,18,23,2,2,50,60,11,47,9,19,1,2,11,11,20,66,70,126
59,2017-5014-d683-t840,122,8,1,56,78,43,56,13,22,0,1,56,78,30,76,12,25,3,11,14,13,42,101,98,179
59,2017-5014-d875-q927,81,10,3,42,66,37,42,10,24,2,3,47,66,8,36,16,25,2,5,11,10,24,61,71,127
59,2017-5014-t840-i186,67,15,0,44,55,43,44,6,11,0,0,49,55,14,48,7,19,1,3,11,11,21,67,70,122
59,2017-5014-g628-sd32,160,7,1,70,93,48,70,12,23,2,6,60,93,31,70,22,47,6,17,17,16,53,117,113,210
59,2017-5014-r772-sl28,87,7,0,46,67,35,46,16,21,3,4,51,67,8,43,15,28,2,6,11,11,23,71,74,138
59,2017-5014-n409-dc58,54,5,0,26,36,22,26,10,10,0,0,32,36,7,25,12,14,4,11,8,7,19,39,51,75
59,2017-5014-f324-sm37,93,14,0,47,72,35,47,14,25,4,5,49,72,20,54,16,31,2,8,11,11,36,85,85,157
59,2017-5014-z355-bh09,13,1,0,6,10,5,6,3,4,0,0,8,10,4,6,5,7,2,2,2,2,9,13,17,23
59,2017-5014-c977-e831,98,6,1,36,60,30,36,17,24,3,3,47,60,13,52,16,29,2,4,10,11,29,81,76,141
59,2017-5014-t840-tb69,110,12,4,57,91,48,57,18,34,1,2,66,91,10,63,19,31,1,8,15,15,29,94,95,185
59,2017-5014-d875-h940,153,16,5,60,95,47,60,18,35,2,5,65,95,26,77,19,39,3,11,15,15,45,116,110,211
59,2017-5014-r772-cd85,104,8,0,43,65,34,43,16,22,2,2,50,65,16,50,13,27,2,4,12,12,29,77,79,142
59,2017-5014-sd32-gb88,90,5,0,41,66,32,41,16,25,3,3,48,66,9,43,12,23,2,5,10,11,21,66,69,132
59,2017-5014-q927-td51,85,24,7,52,81,40,52,14,29,9,10,54,81,15,43,8,21,2,3,11,10,23,64,77,145
59,2017-5014-sl28-a678,91,9,1,56,84,46,56,17,28,3,3,63,84,11,50,4,19,0,0,12,12,15,69,78,153
59,2017-5014-i186-te51,105,14,2,72,100,54,72,16,28,5,5,70,100,9,49,10,28,0,0,12,12,19,77,89,177
59,2017-5014-f510-pf39,96,9,4,43,74,34,43,20,31,3,3,54,74,12,42,13,30,1,9,11,10,25,72,79,146
59,2017-5014-d683-re44,77,14,1,40,53,33,40,7,13,0,0,40,53,11,39,16,26,2,6,10,9,27,65,67,118
59,2017-5014-d801-l397,93,10,1,49,80,36,49,18,31,2,5,54,80,12,58,13,26,2,4,14,15,25,84,79,164
59,2017-5014-g628-ch27,145,10,1,70,99,46,70,16,29,8,11,62,99,12,57,25,36,4,10,14,14,37,93,99,192
59,2017-5014-j386-w571,48,7,0,26,39,24,26,8,13,0,0,32,39,7,19,13,21,4,5,8,7,20,40,52,79
59,2017-5014-ch27-bd06,94,5,0,34,54,26,34,13,20,4,4,39,54,22,49,11,23,3,11,9,10,33,72,72,126
59,2017-5014-a678-me82,61,13,0,23,37,22,23,10,14,0,0,32,37,16,36,14,22,4,11,8,8,30,58,62,95
59,2017-5014-q927-se73,52,10,3,27,47,23,27,13,20,0,0,36,47,11,28,9,18,3,4,9,8,20,46,56,93
59,2017-5014-i186-l987,146,29,2,72,104,60,72,17,32,0,1,77,104,17,81,8,26,0,4,17,17,25,107,102,211
59,2017-5014-j386-ke17,48,10,0,30,38,24,30,5,8,0,0,29,38,5,25,6,14,0,0,6,6,11,39,40,77
59,2017-5014-d801-sm25,79,9,2,38,54,31,38,9,16,1,2,40,54,13,37,15,29,3,3,10,10,28,66,68,120
59,2017-5014-pf39-mm58,63,5,0,42,59,29,42,8,17,1,2,37,59,11,32,10,19,4,7,9,9,21,51,58,110
59,2017-5014-d683-bg23,119,3,4,49,79,40,49,13,30,6,8,53,79,24,62,9,21,4,10,13,14,33,83,86,162
59,2017-5014-bh09-l503,71,10,0,28,45,25,28,13,17,3,3,38,45,10,26,9,20,3,7,9,8,19,46,57,91
59,2017-5014-dc58-c882,141,14,3,71,109,55,71,20,38,8,8,75,109,14,67,17,36,2,6,16,16,31,103,106,212
59,2017-5014-e831-v708,65,15,2,42,59,29,42,10,17,6,7,39,59,13,36,10,13,4,7,9,8,23,49,62,108
59,2017-5014-f510-v306,92,5,3,50,70,38,50,12,20,4,6,50,70,16,51,9,22,3,7,13,13,25,73,75,143
59,2017-5014-g628-h756,145,6,2,66,105,48,66,25,39,7,9,73,105,18,52,18,41,5,6,16,16,36,93,109,198
59,2017-5014-h940-z272,74,8,3,39,71,27,39,17,32,7,8,44,71,6,25,13,16,4,5,9,8,19,41,63,112
59,2017-5014-r772-sh90,140,13,3,54,96,42,54,27,42,6,7,69,96,12,59,20,37,2,7,15,15,32,96,101,192
59,2017-5014-l397-k336,87,11,0,48,68,44,48,14,20,0,0,58,68,7,52,11,22,0,5,12,12,18,74,76,142
59,2017-5014-re44-d923,82,2,1,38,69,28,38,18,31,5,7,46,69,13,38,19,28,6,12,12,12,32,66,78,135
59,2017-5014-sm37-tc61,110,5,1,44,70,33,44,19,26,2,2,52,70,20,67,15,27,1,12,11,11,35,94,87,164
59,2017-5014-sd32-wb32,76,7,2,30,52,25,30,13,22,0,1,38,52,7,31,16,27,3,7,10,9,23,58,61,110
59,2017-5014-sl28-z168,71,5,1,36,57,23,36,10,21,0,3,33,57,10,33,8,21,2,2,10,10,18,54,51,111
59,2017-5014-td51-pd31,72,1,0,38,60,27,38,14,22,0,1,41,60,9,41,17,24,3,4,10,10,26,65,67,125
59,2017-5014-t840-su55,104,7,1,57,81,41,57,18,24,1,2,59,81,18,48,16,34,5,6,14,13,34,82,93,163
59,2017-5014-w571-ca12,77,8,0,50,62,37,50,10,12,3,3,47,62,6,33,8,22,2,7,10,10,14,55,61,117
59,2017-5014-te51-ke29,74,11,0,34,55,31,34,13,21,0,0,44,55,11,39,13,25,2,4,11,10,24,64,68,119
59,2017-5014-d801-j267,103,7,0,45,70,36,45,17,25,2,2,53,70,15,56,19,35,1,4,12,12,34,91,87,161
59,2017-5014-td51-md56,120,11,0,54,77,43,54,12,23,2,4,55,77,19,67,17,33,3,9,15,15,36,100,91,177
59,2017-5014-bg23-pd07,127,2,4,75,99,57,75,10,24,7,9,67,99,8,52,20,37,1,5,15,14,28,89,95,188
59,2017-5014-l987-y124,61,1,0,33,39,25,33,3,6,0,1,28,39,15,35,12,19,5,11,8,9,27,54,55,93
59,2017-5014-te51-l575,129,20,2,61,94,51,61,19,33,1,2,70,94,21,76,11,29,1,6,17,17,32,105,102,199
59,2017-5014-tc61-l949,70,8,0,37,52,30,37,9,15,1,1,39,52,14,35,16,28,3,8,9,8,30,63,69,115
59,2017-5014-ca12-a829,91,9,0,40,56,29,40,12,16,0,1,41,56,21,48,9,21,4,9,9,10,30,69,71,125
59,2017-5014-d801-j551,89,9,0,45,68,32,45,17,23,3,4,49,68,13,44,17,33,2,8,11,10,30,77,79,145
59,2017-5014-md56-sc77,147,11,4,71,109,56,71,21,38,3,5,77,109,15,69,11,33,1,5,16,17,26,102,103,211
59,2017-5014-l949-cg80,98,6,3,56,78,43,56,8,22,4,5,51,78,16,47,14,29,2,3,11,11,30,76,81,154
59,2017-5014-y124-pb22,68,6,4,34,51,27,34,8,17,3,4,35,51,12,27,13,22,4,5,9,8,25,49,60,100
59,2017-5014-bg23-sx90,89,5,3,48,78,30,48,17,30,5,8,47,78,16,49,14,22,4,9,11,10,30,71,77,149
59,2017-5014-l575-tg30,82,9,1,37,57,29,37,14,20,2,3,43,57,11,37,20,34,3,6,11,10,31,71,74,128
59,2017-5014-a829-mb02,86,6,0,48,75,33,48,17,27,4,5,50,75,14,40,14,27,3,4,10,9,28,67,78,142
59,2017-5014-te51-g967,76,15,1,44,62,39,44,6,18,0,1,45,62,17,44,11,27,2,9,11,10,28,71,73,133
59,2017-5014-tc61-be69,62,5,0,37,50,27,37,9,13,2,2,36,50,9,22,18,30,4,7,8,8,27,52,63,102
59,2017-5014-td51-z371,69,12,3,35,63,27,35,17,28,2,2,44,63,8,40,15,20,2,6,10,10,23,60,67,123
59,2017-5014-l987-da81,108,6,2,51,75,39,51,18,24,2,3,57,75,18,50,20,35,5,11,14,13,38,85,95,160
59,2017-5014-ca12-mj08,131,12,2,57,91,49,57,23,34,0,0,72,91,19,73,10,20,2,5,16,15,29,93,101,184
59,2017-5014-pd07-fb98,87,11,1,45,72,36,45,15,27,1,1,51,72,11,45,13,24,1,4,11,10,24,69,75,141
59,2017-5014-j267-y061,58,2,0,35,51,31,35,6,16,2,3,37,51,19,41,2,7,4,6,9,9,21,48,58,99
60,2017-7485-t786-sm37,93,8,2,37,69,27,37,17,32,4,6,44,69,14,35,11,22,4,8,11,10,25,57,69,126
60,2017-7485-te51-gb88,153,12,2,68,124,55,68,17,56,14,19,72,124,18,59,17,39,3,7,16,16,35,98,107,222
60,2017-7485-sm37-te51,86,4,3,37,55,26,37,9,18,0,2,35,55,12,40,22,32,5,10,10,11,34,72,69,127
60,2017-7485-t786-be54,73,7,2,37,57,26,37,11,20,2,3,37,57,10,26,11,19,4,4,9,9,21,45,58,102
60,2017-7485-t786-b747,104,17,8,32,68,30,32,16,36,1,1,46,68,11,34,20,41,2,4,10,10,31,75,77,143
60,2017-7485-be54-sh90,142,8,1,66,108,49,66,26,42,7,8,75,108,12,52,18,45,1,3,16,16,30,97,105,205
60,2017-7485-sm37-f401,92,3,2,33,63,23,33,17,30,2,4,40,63,13,37,20,34,5,11,10,10,33,71,73,134
60,2017-7485-gb88-td51,80,8,3,31,61,25,31,20,30,5,6,45,61,11,34,17,27,3,3,10,10,28,61,73,122
60,2017-7485-t786-d750,88,7,1,38,62,26,38,16,24,2,2,42,62,14,49,16,23,3,10,9,10,30,72,72,134
60,2017-7485-be54-ke17,108,9,2,66,96,51,66,15,30,5,6,66,96,16,54,16,34,4,7,15,15,32,88,98,184
60,2017-7485-sm37-e873,101,4,4,38,69,27,38,15,31,6,9,42,69,21,53,23,40,5,12,10,11,44,93,86,162
60,2017-7485-f401-d632,150,1,6,65,109,40,65,27,44,4,7,67,109,18,47,18,46,5,10,16,17,36,93,103,202
60,2017-7485-b747-l949,54,8,4,22,38,18,22,10,16,0,0,28,38,5,19,21,30,5,8,7,7,26,49,54,87
60,2017-7485-sh90-sc77,123,4,3,52,83,45,52,19,31,4,5,64,83,14,61,22,43,2,8,16,16,36,104,100,187
60,2017-7485-te51-k336,91,7,2,43,66,37,43,13,23,1,1,50,66,4,41,5,18,0,0,11,12,9,59,59,125
60,2017-7485-f401-ta12,144,4,2,62,101,44,62,21,39,2,5,65,101,11,47,30,60,3,7,16,16,41,107,106,208
60,2017-7485-te51-c882,57,7,2,31,48,25,31,12,17,0,0,37,48,7,25,16,27,3,5,9,8,23,52,60,100
60,2017-7485-sh90-pd31,138,3,3,67,116,50,67,27,49,5,7,77,116,11,53,32,65,4,13,17,17,43,118,120,234
60,2017-7485-be54-g967,147,4,3,86,125,59,86,20,39,3,6,79,125,18,67,24,51,2,7,17,17,42,118,121,243
60,2017-7485-l949-d801,80,11,5,26,60,24,26,19,34,3,4,43,60,16,46,15,26,3,7,10,10,31,72,74,132
60,2017-7485-d632-sk94,96,1,3,36,71,26,36,16,35,4,7,42,71,7,34,19,28,4,6,10,11,26,62,68,133
60,2017-7485-b747-bg23,59,5,3,20,34,16,20,5,14,2,3,21,34,7,23,13,19,2,6,5,5,20,42,41,76
60,2017-7485-d750-sf41,62,6,1,33,44,27,33,6,11,0,0,33,44,20,30,9,22,4,16,8,7,29,52,62,96
60,2017-7485-e873-su55,105,5,2,40,67,32,40,18,27,2,2,50,67,13,47,16,37,1,8,11,11,29,84,79,151
60,2017-7485-sc77-dc58,88,8,2,41,67,34,41,17,26,1,1,51,67,6,31,11,33,1,4,11,11,17,64,68,131
60,2017-7485-k336-pc11,132,15,3,60,95,52,60,22,35,2,3,74,95,13,74,18,36,1,3,16,17,31,110,105,205
60,2017-7485-td51-mb02,59,5,0,24,47,18,24,16,23,2,3,34,47,10,28,18,32,4,10,9,10,28,60,62,107
60,2017-7485-ta12-pd07,112,8,2,40,69,37,40,16,29,2,3,53,69,12,48,18,38,2,7,14,14,30,86,83,155
60,2017-7485-te51-o513,128,11,5,58,101,49,58,20,43,6,7,69,101,18,60,23,49,3,7,16,16,41,109,110,210
60,2017-7485-sf41-ta46,100,9,2,45,77,32,45,19,32,0,2,51,77,13,44,14,29,3,7,12,12,27,73,78,150
60,2017-7485-d750-bk19,81,8,2,50,58,41,50,3,8,2,2,44,58,8,29,15,32,2,2,10,10,23,61,67,119
60,2017-7485-pd07-mh16,146,9,6,50,96,36,50,19,46,5,9,55,96,20,50,31,55,6,15,14,13,51,105,106,201
60,2017-7485-sf41-m873,112,10,2,53,82,39,53,13,29,3,5,52,82,8,39,27,46,3,7,12,12,35,85,87,167
60,2017-7485-d750-hb64,58,3,1,40,46,33,40,3,6,0,0,36,46,9,30,13,22,3,6,9,9,22,52,58,98
60,2017-7485-te51-bu13,52,3,1,22,37,19,22,13,15,0,0,32,37,16,36,11,17,4,11,8,7,27,53,59,90
60,2017-7485-ta12-cg33,118,9,2,47,91,35,47,20,44,3,7,55,91,16,42,21,35,6,9,14,13,37,77,92,168
60,2017-7485-o513-rb56,81,7,2,34,61,26,34,14,27,1,3,40,61,12,38,15,30,4,7,11,11,27,68,67,129
60,2017-7485-ta46-sj22,81,6,1,32,58,23,32,17,26,3,4,40,58,13,37,16,32,3,10,10,10,29,69,69,127
60,2017-7485-bk19-d981,97,5,2,34,61,29,34,17,27,0,1,46,61,14,42,22,42,3,8,10,11,36,84,82,145
61,2017-438-be90-me82,96,2,4,48,78,35,48,13,30,3,6,48,78,11,45,19,28,5,11,13,13,30,73,78,151
61,2017-438-d923-be67,87,5,0,50,62,36,50,9,12,2,2,45,62,18,44,23,43,3,13,9,9,41,87,86,149
61,2017-438-me82-sc56,126,11,1,65,101,46,65,18,36,9,12,64,101,15,45,25,41,7,11,14,13,40,86,104,187
61,2017-438-d923-be90,99,3,5,69,113,42,69,22,44,18,21,64,113,8,34,13,30,3,4,13,12,21,64,85,177
61,2017-438-be67-mm58,102,5,2,45,86,34,45,22,41,7,9,56,86,11,38,18,33,4,5,13,13,29,71,85,157
61,2017-438-be90-bk92,59,5,2,38,58,28,38,13,20,1,1,41,58,8,31,13,20,4,5,9,10,21,51,62,109
61,2017-438-mm58-cd85,71,8,4,31,49,25,31,10,18,3,4,35,49,21,49,14,25,4,10,9,9,35,74,70,123
61,2017-438-d923-sa93,110,6,3,61,96,44,61,17,35,5,7,61,96,14,43,17,38,4,9,14,14,31,81,92,177
61,2017-438-bk92-r772,112,19,4,49,87,39,49,24,38,2,3,63,87,17,58,16,36,3,12,15,15,33,94,96,181
61,2017-438-me82-r685,90,8,2,40,72,35,40,15,32,1,2,50,72,9,39,14,23,2,4,11,10,23,62,73,134
61,2017-438-sa93-k435,139,10,5,68,116,53,68,24,48,7,9,77,116,16,62,22,43,3,7,17,16,38,105,115,221
61,2017-438-d923-bf55,147,5,4,68,104,46,68,21,36,8,11,67,104,21,66,24,44,4,14,16,16,45,110,112,214
61,2017-438-be67-db63,46,6,2,24,39,20,24,10,15,0,0,30,39,10,14,10,18,5,6,7,7,20,32,50,71
61,2017-438-sc56-sc73,83,5,0,38,64,23,38,17,26,3,5,40,64,20,41,13,23,5,10,10,9,33,64,73,128
61,2017-438-be90-kb05,115,6,1,55,91,33,55,23,36,3,6,56,91,15,50,17,35,4,4,15,16,32,85,88,176
61,2017-438-kb05-re44,111,15,1,61,77,51,61,7,16,5,5,58,77,19,64,18,33,1,10,12,12,37,97,95,174
61,2017-438-d923-f586,93,4,2,52,83,36,52,12,31,5,8,48,83,19,53,9,18,3,11,12,11,28,71,76,154
61,2017-438-db63-l503,169,6,3,70,110,52,70,23,40,10,12,75,110,16,52,15,44,2,6,16,16,31,96,106,206
61,2017-438-be67-k834,119,9,2,35,67,26,35,19,32,3,5,45,67,12,49,28,45,4,16,12,12,40,94,85,161
61,2017-438-be90-l987,77,3,1,34,62,30,34,16,28,0,0,46,62,12,46,10,20,2,3,10,11,22,66,68,128
61,2017-438-bk92-g681,68,10,4,42,68,36,42,13,26,3,3,49,68,5,27,11,23,2,2,10,9,16,50,65,118
61,2017-438-bf55-sx50,66,1,0,31,45,23,31,13,14,0,0,36,45,18,47,6,9,3,7,9,9,24,56,60,101
61,2017-438-sc73-d864,77,5,1,43,67,33,43,14,24,2,2,47,67,8,38,9,16,2,3,11,10,17,54,64,121
61,2017-438-mm58-kb54,127,16,6,66,104,47,66,20,38,8,11,67,104,15,66,18,36,2,6,15,15,33,102,100,206
61,2017-438-r685-k776,112,12,1,62,87,47,62,21,25,1,2,68,87,11,62,14,26,1,3,16,15,25,88,93,175
61,2017-438-sc56-cg80,63,2,0,31,51,26,31,10,20,1,2,36,51,12,29,7,14,4,6,9,8,19,43,55,94
61,2017-438-sa93-v708,62,7,0,30,49,24,30,8,19,5,6,32,49,9,23,18,27,4,6,7,7,27,50,59,99
61,2017-438-kb05-i236,135,13,3,84,122,61,84,19,38,8,11,80,122,15,65,19,31,5,8,17,16,34,96,114,218
61,2017-438-be67-k926,87,8,2,48,71,41,48,12,23,2,2,53,71,11,45,7,18,1,5,11,10,18,63,71,134
61,2017-438-r685-bk92,98,3,2,43,74,28,43,14,31,3,6,42,74,13,47,22,29,5,13,11,11,35,76,77,150
61,2017-438-bf55-v717,87,1,1,48,66,34,48,8,18,2,4,42,66,17,38,10,26,4,6,11,11,27,64,69,130
61,2017-438-kb05-pg94,93,7,1,56,74,44,56,7,18,4,5,51,74,12,37,14,30,2,4,11,10,26,67,77,141
61,2017-438-k926-f786,141,6,1,51,90,36,51,25,39,3,5,61,90,17,54,22,46,3,6,15,14,39,100,100,190
61,2017-438-bk92-hg86,69,10,4,38,63,29,38,14,25,2,3,43,63,12,39,17,27,3,9,10,9,29,66,72,129
61,2017-438-bf55-pe02,82,3,1,34,51,25,34,12,17,0,2,37,51,14,37,16,28,4,8,10,10,30,65,67,116
61,2017-438-v717-mc18,111,1,5,56,84,31,56,14,28,8,13,45,84,14,48,25,32,6,8,13,13,39,80,84,164
61,2017-438-r685-dg97,72,6,4,38,66,29,38,13,28,2,4,42,66,7,31,21,32,4,7,10,10,28,63,70,129
61,2017-438-be67-ge28,69,7,1,38,46,32,38,5,8,0,0,37,46,15,43,18,29,3,9,9,10,33,72,70,118
61,2017-438-i236-sn77,70,8,2,40,59,34,40,13,19,0,0,47,59,8,36,14,29,2,4,11,11,22,65,69,124
62,2017-429-d683-v306,163,5,1,72,112,51,72,22,40,6,9,73,112,22,73,19,35,4,9,17,17,41,108,114,220
62,2017-429-d683-d875,83,9,1,38,54,29,38,10,16,4,4,39,54,13,33,9,20,3,5,9,9,22,53,61,107
62,2017-429-d875-f510,88,8,1,49,71,34,49,13,22,3,5,47,71,12,38,14,22,3,5,11,10,26,60,73,131
62,2017-429-d875-z168,73,4,1,32,48,29,32,11,16,0,0,40,48,11,41,19,30,2,6,10,9,30,71,70,119
62,2017-429-v306-a678,103,2,2,56,79,45,56,14,23,1,1,59,79,12,53,14,25,0,1,12,12,26,78,85,157
62,2017-429-f510-sm25,171,8,7,70,132,48,70,37,62,7,9,85,132,14,51,26,64,3,8,18,18,40,115,125,247
62,2017-429-d875-j397,96,9,2,44,67,39,44,16,23,2,2,55,67,9,40,8,29,1,2,12,12,17,69,72,136
62,2017-429-d683-se73,90,9,1,42,61,32,42,12,19,2,3,44,61,15,47,11,20,3,5,10,10,26,67,70,128
62,2017-429-a678-ch27,66,18,1,32,47,28,32,9,15,0,0,37,47,18,45,11,15,3,10,9,8,29,60,66,107
62,2017-429-sm25-ca12,75,8,2,28,55,23,28,20,27,1,1,43,55,19,55,9,16,2,5,10,10,28,71,71,126
62,2017-429-d683-sl28,87,3,1,36,57,32,36,14,21,0,0,46,57,11,39,12,27,2,3,10,10,23,66,69,123
62,2017-429-z168-t840,68,5,2,45,64,32,45,8,19,5,6,40,64,9,26,15,24,4,5,9,8,24,50,64,114
62,2017-429-f510-y218,129,3,7,52,98,40,52,23,46,1,5,63,98,17,63,20,38,4,11,15,16,37,101,100,199
62,2017-429-se73-b837,109,2,1,45,76,29,45,18,31,4,7,47,76,16,46,24,42,5,14,13,13,40,88,87,164
62,2017-429-v306-z254,73,3,0,34,56,25,34,13,22,2,3,38,56,11,37,19,28,4,8,9,9,30,65,68,121
62,2017-429-z168-y268,126,4,5,66,102,37,66,18,36,8,13,55,102,30,69,11,27,4,9,15,14,41,96,96,198
62,2017-429-se73-i165,116,3,2,57,91,40,57,17,34,6,9,57,91,6,51,26,42,2,6,14,14,32,93,89,184
62,2017-429-f510-j267,73,5,4,38,60,31,38,12,22,4,5,43,60,10,22,18,34,4,5,10,9,28,56,71,116
62,2017-429-v306-h756,47,3,0,28,35,27,28,5,7,0,0,32,35,9,24,13,22,4,5,8,8,22,46,54,81
62,2017-429-b837-gb93,75,3,3,31,63,24,31,18,32,0,0,42,63,11,35,13,22,2,8,10,9,24,57,66,120
62,2017-429-ca12-g983,72,12,2,33,56,27,33,14,23,0,0,41,56,16,34,13,25,4,13,9,9,29,59,70,115
62,2017-429-ch27-f724,80,1,4,35,58,24,35,15,23,3,3,39,58,12,33,18,27,4,7,8,9,30,60,69,118
62,2017-429-j397-h996,87,7,5,39,68,32,39,19,29,0,1,51,68,7,40,17,28,3,4,13,13,24,68,75,136
62,2017-429-sl28-ca99,131,15,4,75,109,57,75,22,34,3,5,79,109,10,49,22,67,3,11,17,17,32,116,111,225
62,2017-429-y218-md56,128,7,1,68,99,53,68,13,31,5,6,66,99,7,45,19,40,2,2,15,16,26,85,92,184
62,2017-429-t840-ba98,77,9,3,35,56,25,35,12,21,0,1,37,56,26,48,7,18,4,12,9,9,33,66,70,122
62,2017-429-z254-l797,99,8,1,54,89,41,54,20,35,1,2,61,89,13,48,16,37,4,6,15,15,29,85,90,174
62,2017-429-f724-sf62,54,4,2,26,41,23,26,9,15,0,0,32,41,15,39,7,12,4,7,8,8,22,51,54,92
62,2017-429-l797-kh56,121,21,3,62,106,48,62,32,44,1,1,80,106,15,63,15,40,1,4,17,16,30,103,110,209
62,2017-429-j397-z254,104,17,1,56,76,50,56,10,20,1,1,60,76,12,55,24,40,4,11,14,15,36,95,96,171
62,2017-429-ba98-me89,135,1,0,68,93,46,68,12,25,3,8,58,93,15,58,21,34,4,10,14,14,36,92,94,185
62,2017-429-f724-f09j,59,5,2,30,47,22,30,8,17,1,2,30,47,19,32,11,17,6,11,7,8,30,49,60,96
62,2017-429-l797-gb61,65,8,4,30,59,23,30,16,29,2,4,39,59,10,29,15,24,4,7,10,9,25,53,64,112
62,2017-429-ba98-rh16,92,4,1,40,61,31,40,14,21,1,1,45,61,15,43,11,23,2,9,10,10,26,66,71,127
62,2017-429-j397-a622,117,21,3,55,85,48,55,19,30,1,1,67,85,15,57,22,43,3,5,16,15,37,100,104,185
62,2017-429-me89-n679,56,6,3,24,49,21,24,15,25,5,5,36,49,9,21,13,21,4,10,8,7,22,42,58,91
62,2017-429-kh56-ta29,132,13,4,58,104,42,58,25,46,7,9,67,104,20,65,26,55,2,8,15,15,46,120,113,224
62,2017-429-z254-sp25,59,4,1,30,51,23,30,12,21,0,1,35,51,10,28,13,21,4,7,9,9,23,49,58,100
62,2017-429-sf62-r612,115,9,2,77,110,53,77,14,33,10,13,67,110,8,48,26,49,1,3,15,14,34,97,101,207
63,2017-328-d683-c977,98,7,2,37,55,28,37,9,18,1,3,37,55,10,28,21,38,4,12,10,10,31,66,68,121
63,2017-328-f324-gb88,60,4,3,23,40,21,23,11,17,0,0,32,40,17,38,17,27,4,10,8,7,34,65,66,105
63,2017-328-f324-me82,103,12,2,38,72,32,38,19,34,2,3,51,72,16,42,17,41,4,8,13,13,33,83,84,155
63,2017-328-f324-d683,152,7,5,53,101,39,53,27,48,4,7,66,101,22,72,24,36,5,15,16,15,46,108,112,209
63,2017-328-c977-f724,183,11,5,69,123,52,69,24,54,4,9,76,123,13,54,32,58,4,5,18,18,45,112,121,235
63,2017-328-gb88-sm25,79,2,2,36,64,27,36,18,28,2,3,45,64,15,42,11,22,3,5,10,11,26,64,71,128
63,2017-328-d683-bd06,122,8,0,53,81,34,53,16,28,2,5,50,81,9,40,17,29,4,7,13,13,26,69,76,150
63,2017-328-f324-pd31,58,2,1,34,56,24,34,14,22,0,0,38,56,10,28,14,21,4,9,8,8,24,49,62,105
63,2017-328-c977-cg80,120,10,6,41,69,38,41,16,28,1,2,54,69,12,50,16,31,2,3,14,13,28,81,82,150
63,2017-328-sm25-h756,97,3,2,53,80,39,53,13,27,2,5,52,80,8,40,16,37,3,6,14,14,24,77,76,157
63,2017-328-gb88-ch27,69,4,2,28,43,21,28,8,15,1,3,29,43,15,30,20,30,6,16,8,9,35,60,64,103
63,2017-328-d683-b747,90,12,1,37,53,33,37,9,16,1,1,42,53,9,45,18,26,2,7,10,10,27,71,69,124
63,2017-328-bd06-h940,99,3,3,38,69,26,38,23,31,3,4,49,69,12,44,21,33,2,6,11,10,33,77,82,146
63,2017-328-me82-su55,104,3,2,47,76,30,47,20,29,4,5,50,76,12,40,20,36,5,9,12,13,32,76,82,152
63,2017-328-f324-td51,62,8,2,21,40,21,21,11,19,0,0,32,40,13,34,17,27,4,10,8,8,30,61,62,101
63,2017-328-f724-md56,13,1,0,4,9,3,4,5,5,0,0,8,9,1,1,3,4,1,1,2,1,4,5,12,14
63,2017-328-c977-mb02,31,7,0,17,24,14,17,6,7,0,0,20,24,6,21,5,7,1,3,5,4,11,28,31,52
63,2017-328-d683-sh90,106,8,1,48,78,40,48,12,30,3,4,52,78,7,34,25,37,5,10,12,12,32,71,84,149
63,2017-328-sm25-pd07,143,10,8,61,110,43,61,29,49,11,13,72,110,8,53,20,46,2,4,16,17,28,99,100,209
63,2017-328-bd06-k926,57,3,1,17,39,15,17,15,22,0,1,30,39,14,24,10,15,5,6,8,7,24,39,54,78
63,2017-328-gb88-g967,82,3,0,30,57,23,30,14,27,2,4,37,57,14,37,25,43,5,11,10,10,39,80,76,137
63,2017-328-me82-be54,123,6,8,51,91,40,51,21,40,5,7,61,91,20,63,23,40,4,4,14,15,43,103,104,194
63,2017-328-md56-z168,102,8,2,42,75,31,42,19,33,3,4,50,75,14,49,21,33,3,9,12,12,35,82,85,157
63,2017-328-ch27-l503,97,1,5,33,61,24,33,17,28,3,3,41,61,15,38,17,25,4,11,8,8,32,63,73,124
63,2017-328-b747-y124,76,7,4,31,52,25,31,12,21,2,3,37,52,9,31,22,33,4,10,9,9,31,64,68,116
63,2017-328-cg80-l949,136,4,6,56,89,41,56,19,33,3,5,60,89,16,56,30,50,6,15,14,14,46,106,106,195
63,2017-328-f724-dc58,57,4,2,29,45,22,29,9,16,5,6,31,45,10,17,17,24,6,10,7,6,27,41,58,86
63,2017-328-h756-c582,95,8,1,36,65,32,36,15,29,6,7,47,65,12,48,18,27,3,7,10,10,30,75,77,140
63,2017-328-h940-d801,52,7,2,32,49,28,32,9,17,2,2,37,49,9,27,13,22,4,7,8,9,22,49,59,98
63,2017-328-pd31-j386,111,7,6,39,68,29,39,15,29,0,2,44,68,16,55,32,47,4,11,10,11,48,102,92,170
63,2017-328-su55-se73,121,13,3,51,89,39,51,24,38,4,6,63,89,17,56,18,37,3,5,15,15,35,93,98,182
63,2017-328-f724-mb02,70,4,3,33,58,28,33,14,25,4,5,42,58,11,36,12,24,3,6,10,10,23,60,65,118
63,2017-328-g967-m873,54,2,4,25,44,19,25,10,19,0,2,29,44,11,23,16,20,6,9,8,8,27,43,56,87
63,2017-328-k926-pd07,104,5,2,49,79,35,49,16,30,5,5,51,79,6,36,21,33,2,6,10,10,27,69,78,148
63,2017-328-b747-g710,90,4,3,25,56,21,25,18,31,2,3,39,56,13,39,13,24,3,4,10,10,26,63,65,119
63,2017-328-g710-i165,91,4,4,41,71,29,41,19,30,5,6,48,71,15,42,9,20,3,4,10,9,24,62,72,133
63,2017-328-mb02-e873,84,8,7,41,80,35,41,18,39,6,7,53,80,8,34,18,34,3,10,11,11,26,68,79,148
63,2017-328-g967-m850,145,18,3,53,109,43,53,29,56,2,5,72,109,21,69,27,47,5,11,17,17,48,116,120,225
63,2017-328-k926-bk12,90,4,0,39,67,29,39,15,28,3,5,44,67,6,28,23,37,4,8,11,10,29,65,73,132
63,2017-328-b747-ag37,81,5,3,34,58,26,34,16,24,5,6,42,58,12,37,16,28,3,8,10,9,28,65,70,123
63,2017-328-f724-sf76,170,8,5,61,111,45,61,26,50,6,8,71,111,24,70,24,48,4,11,16,16,48,118,119,229
63,2017-328-pd07-d750,89,6,4,32,68,28,32,21,36,4,5,49,68,11,46,9,19,2,3,11,11,20,65,69,133
63,2017-328-m873-hh06,66,4,2,26,47,21,26,15,21,0,1,36,47,7,24,20,35,4,9,10,9,27,59,63,106
64,2017-337-t786-z355,93,10,1,37,68,28,37,15,31,1,3,43,68,13,49,15,17,4,13,10,10,28,66,71,134
64,2017-337-t786-k435,106,19,4,41,71,38,41,13,30,1,2,51,71,11,46,16,28,2,4,12,12,27,74,78,145
64,2017-337-pf39-e831,137,13,4,53,99,43,53,29,46,7,7,72,99,15,56,18,41,3,4,15,16,33,97,105,196
64,2017-337-pf39-t786,72,3,3,36,58,28,36,14,22,2,2,42,58,10,34,13,19,3,7,9,8,23,53,65,111
64,2017-337-k435-sm37,114,4,2,46,76,34,46,18,30,2,4,52,76,11,47,19,36,3,6,12,12,30,83,82,159
64,2017-337-e831-sl28,75,6,1,29,51,27,29,11,22,0,1,38,51,5,30,21,32,4,10,10,10,26,62,64,113
64,2017-337-z355-sd32,140,9,3,56,103,36,56,21,47,8,12,57,103,8,29,24,44,5,10,11,11,32,73,89,176
64,2017-337-pf39-g628,92,9,1,41,59,31,41,11,18,5,6,42,59,9,41,30,42,4,7,9,10,39,83,81,142
64,2017-337-g628-tb69,142,4,2,66,102,52,66,17,36,4,5,69,102,18,65,25,39,3,5,15,14,43,104,112,206
64,2017-337-sm37-cd85,123,6,2,31,70,17,31,23,39,2,6,40,70,32,67,23,36,8,16,13,13,55,103,95,173
64,2017-337-t786-d923,133,11,2,51,96,47,51,23,45,1,3,70,96,21,69,22,41,4,5,16,15,43,110,113,206
64,2017-337-e831-db59,177,7,4,63,117,48,63,33,54,1,3,81,117,29,90,22,46,2,9,18,18,51,136,132,253
64,2017-337-k435-h996,95,2,3,49,70,40,49,9,21,6,8,49,70,15,45,16,30,3,8,11,10,31,75,80,145
64,2017-337-z355-t840,105,8,7,57,95,40,57,22,38,3,5,62,95,14,47,14,29,3,4,15,14,28,76,90,171
64,2017-337-pf39-g476,96,5,6,34,75,25,34,19,41,1,4,44,75,13,37,17,30,4,8,11,10,30,67,74,142
64,2017-337-sl28-r772,154,16,6,54,93,47,54,24,39,4,5,71,93,28,82,27,50,3,14,16,16,55,132,126,225
64,2017-337-tb69-re44,81,5,5,26,59,22,26,16,33,1,3,38,59,12,32,19,31,4,8,10,9,31,63,69,122
64,2017-337-cd85-pc11,107,3,2,69,100,47,69,15,31,11,13,62,100,14,42,16,28,4,5,10,10,30,70,92,170
64,2017-337-k435-i186,107,3,2,47,73,36,47,13,26,3,5,49,73,16,62,20,26,3,12,11,11,36,88,85,161
64,2017-337-r772-q927,173,4,2,54,109,36,54,34,55,2,5,70,109,19,88,38,56,2,14,16,17,57,144,127,253
64,2017-337-g476-a678,94,2,5,36,84,26,36,24,48,4,5,50,84,8,35,8,15,3,5,10,10,16,50,66,134
64,2017-337-d923-be90,67,1,2,30,50,21,30,10,20,2,4,31,50,18,37,16,28,5,11,9,9,34,65,65,115
64,2017-337-t786-ke29,131,8,5,58,97,46,58,20,39,4,5,66,97,22,67,17,39,4,8,15,16,39,106,105,203
64,2017-337-e831-f401,107,3,2,36,65,25,36,17,29,2,4,42,65,15,43,26,43,4,13,10,10,41,86,83,151
64,2017-337-g628-l397,68,2,3,27,46,22,27,14,19,0,0,36,46,5,28,21,29,3,5,9,8,26,57,62,103
64,2017-337-h996-ta46,94,13,2,44,74,36,44,15,30,3,5,51,74,13,45,21,41,3,9,12,12,34,86,85,160
64,2017-337-pf39-o513,86,10,6,33,65,30,33,14,32,3,3,44,65,12,30,20,44,2,10,10,9,32,74,76,139
64,2017-337-db59-f586-1,116,8,4,56,90,39,56,16,34,7,10,55,90,15,44,16,29,4,7,12,12,31,73,86,163
64,2017-337-sm37-f510,88,2,0,32,58,26,32,16,26,0,2,42,58,20,42,13,34,4,9,12,11,33,76,75,134
64,2017-337-sl28-c882,63,10,3,31,55,26,31,15,24,0,0,41,55,8,28,15,26,3,5,10,9,23,54,64,109
64,2017-337-sd32-g858,77,2,3,36,55,24,36,11,19,3,5,35,55,9,30,22,30,5,9,9,9,31,60,66,115
64,2017-337-pc11-l797,67,3,3,24,39,21,24,11,15,0,0,32,39,11,32,20,30,4,10,8,8,31,62,63,101
64,2017-337-db59-f586-2,111,2,6,48,87,35,48,22,39,5,7,57,87,16,50,14,34,3,9,14,14,30,84,87,171
64,2017-337-g476-sc77,109,2,4,41,82,28,41,25,41,10,12,53,82,14,36,18,36,5,6,12,13,32,72,85,154
64,2017-337-sc77-bg23,67,9,2,28,48,25,28,13,20,1,2,38,48,14,42,21,31,4,10,10,9,35,73,73,121
64,2017-337-h996-ba98,90,10,2,33,64,28,33,21,31,1,1,49,64,12,38,12,25,2,2,10,10,24,63,73,127
64,2017-337-pc11-y218,118,7,3,47,88,38,47,21,41,2,5,59,88,18,50,15,31,5,6,15,15,33,81,92,169
64,2017-337-ba98-l987,87,0,3,52,78,38,52,10,26,3,4,48,78,18,39,7,20,3,5,10,9,25,59,73,137
64,2017-337-f586-h804,64,2,2,23,46,19,23,15,23,0,0,34,46,7,26,16,23,4,5,8,9,23,49,57,95
64,2017-337-l797-sc73,87,1,0,33,68,24,33,20,35,3,5,44,68,14,40,14,25,4,5,11,11,28,65,72,133
64,2017-337-g476-j397,109,11,4,37,72,32,37,21,35,1,1,53,72,7,39,15,31,1,1,11,11,22,70,75,142
64,2017-337-h996-hb64,113,5,2,50,82,40,50,17,32,1,3,57,82,11,53,26,41,4,15,15,14,37,94,94,176
64,2017-337-db59-sa93,81,2,2,49,69,31,49,13,20,3,5,44,69,7,32,20,33,3,3,11,11,27,65,71,134
65,2017-352-sm25-kb05,118,9,3,39,72,31,39,20,33,1,4,51,72,29,72,20,33,6,8,14,15,49,105,100,177
65,2017-352-sm25-b747,79,6,1,34,52,26,34,12,18,3,5,38,52,10,34,17,25,5,9,10,10,27,59,65,111
65,2017-352-b747-c977,123,12,3,52,86,37,52,15,34,1,4,52,86,16,48,18,33,4,7,12,12,34,81,86,167
65,2017-352-kb05-i186,148,12,2,77,116,61,77,23,39,5,5,84,116,11,74,6,18,1,1,17,17,17,92,101,208
65,2017-352-i186-d683,131,15,4,60,87,51,60,18,27,0,0,69,87,11,66,12,24,2,2,16,16,23,90,92,177
65,2017-352-c977-bd06,101,7,4,39,69,30,39,13,30,6,8,43,69,11,34,21,34,4,8,10,10,32,68,75,137
65,2017-352-n409-c882,140,3,7,68,104,49,68,20,36,3,5,69,104,14,47,16,40,4,10,16,14,30,87,99,191
65,2017-352-sm25-v306,149,10,8,79,115,59,79,14,36,4,5,73,115,20,69,19,30,4,18,15,14,39,99,112,214
65,2017-352-v306-tb69,84,4,0,41,51,32,41,6,10,3,4,38,51,14,33,14,36,3,9,10,10,28,69,66,120
65,2017-352-d683-h756,92,5,1,40,71,27,40,19,31,2,3,46,71,7,35,16,28,3,3,11,11,23,63,69,134
65,2017-352-b747-gb88,67,14,3,35,56,31,35,7,21,2,3,38,56,11,27,12,26,4,8,9,9,23,53,61,109
65,2017-352-i186-d875,166,25,4,103,131,77,103,15,28,10,12,92,131,8,72,19,37,1,2,18,18,27,109,119,240
65,2017-352-kb05-m873,93,8,1,51,75,38,51,11,24,4,6,49,75,14,38,18,35,5,6,12,12,32,73,81,148
65,2017-352-n409-ch27,109,3,2,41,67,29,41,13,26,5,7,42,67,20,45,16,26,4,8,11,10,36,71,78,138
65,2017-352-sm25-pf39,87,7,4,45,67,35,45,9,22,2,4,44,67,10,42,21,33,3,6,11,10,31,75,75,142
65,2017-352-c977-cg80,95,13,5,51,79,44,51,8,28,4,4,52,79,11,35,8,19,2,4,10,9,19,54,71,133
65,2017-352-h756-z355,93,3,4,37,60,29,37,17,23,0,1,46,60,19,55,21,34,4,11,12,13,40,89,86,149
65,2017-352-tb69-g967,126,13,6,56,93,47,56,21,37,0,1,68,93,8,54,30,52,3,6,16,16,38,106,106,199
65,2017-352-d875-g628,83,7,2,30,50,26,30,14,20,0,0,40,50,11,41,10,21,2,8,10,10,21,62,61,112
65,2017-352-gb88-me82,88,5,3,35,64,27,35,19,29,1,4,46,64,14,38,15,31,4,9,13,12,29,69,75,133
65,2017-352-i186-sm37,155,29,4,90,130,67,90,24,40,4,4,91,130,13,57,15,48,1,4,17,16,28,105,119,235
65,2017-352-m873-cd85,87,5,4,41,70,29,41,16,29,8,9,45,70,10,29,15,25,4,10,9,8,25,54,70,124
65,2017-352-kb05-q927,69,2,1,41,61,28,41,13,20,0,1,41,61,10,37,17,28,3,5,10,10,27,65,68,126
65,2017-352-b747-t786,115,4,7,59,96,45,59,16,37,1,3,61,96,9,50,19,33,2,6,14,14,28,83,89,179
65,2017-352-v306-a678,145,5,8,70,103,57,70,16,33,5,6,73,103,13,66,24,40,2,5,17,17,37,106,110,209
65,2017-352-d683-sh90,63,9,1,25,46,22,25,13,21,1,1,35,46,10,32,15,18,4,8,8,8,25,50,60,96
65,2017-352-bd06-ca12,71,3,2,30,55,21,30,16,25,3,4,37,55,10,31,15,23,4,10,9,8,25,54,62,109
65,2017-352-c882-r772,147,6,3,63,105,44,63,26,42,6,8,70,105,16,60,30,51,4,9,16,16,46,111,116,216
65,2017-352-sm25-e831,163,14,7,81,133,63,81,25,52,4,7,88,133,18,69,25,53,2,5,17,17,43,122,131,255
65,2017-352-pf39-l397,58,14,1,25,45,23,25,17,20,0,0,40,45,13,40,10,17,2,3,10,9,23,57,63,102
65,2017-352-b747-su55,65,7,3,36,56,33,36,10,20,1,1,43,56,8,31,7,19,2,2,10,10,15,50,58,106
65,2017-352-ca12-sd32,66,4,3,35,51,25,35,7,16,5,6,32,51,12,28,17,24,5,12,8,7,29,52,61,103
65,2017-352-ch27-z168,57,0,5,31,51,24,31,11,20,4,4,35,51,13,25,11,18,5,6,7,7,24,43,59,94
65,2017-352-e831-d864,141,10,6,57,107,49,57,22,50,2,5,71,107,14,50,21,50,3,5,17,16,35,100,106,207
65,2017-352-cg80-sl28,69,10,3,39,55,33,39,9,16,1,1,42,55,8,36,12,21,2,5,10,9,20,57,62,112
65,2017-352-c882-ke29,59,1,1,27,50,22,27,15,23,2,2,37,50,8,29,10,19,3,4,9,9,18,48,55,98
65,2017-352-g628-pd31,106,1,2,39,76,30,39,27,37,2,4,57,76,9,46,21,41,3,11,15,14,30,87,87,163
65,2017-352-g967-h940,85,4,6,35,75,31,35,17,40,3,4,48,75,13,41,12,26,2,8,11,10,25,67,73,142
65,2017-352-h756-j386,51,4,0,26,39,22,26,7,13,1,1,29,39,16,31,12,21,5,7,7,8,28,52,57,91
65,2017-352-kb05-se73,61,6,1,29,50,23,29,14,21,1,1,37,50,12,30,10,21,3,4,9,9,22,51,59,101
65,2017-352-l397-h996,95,10,6,46,79,35,46,19,33,3,4,54,79,8,33,17,35,2,3,11,10,25,68,79,147
65,2017-352-m873-pd07,155,11,4,54,103,47,54,30,49,5,7,77,103,6,55,28,57,2,5,18,18,34,112,111,215
65,2017-352-me82-f401,92,3,1,37,65,25,37,17,28,6,7,42,65,11,33,21,36,4,10,9,9,32,69,74,134
65,2017-352-sm37-t840,70,1,1,24,46,21,24,15,22,0,0,36,46,11,36,14,23,3,6,9,10,25,59,61,105
65,2017-352-sh90-l503,93,7,1,37,67,26,37,16,30,2,5,42,67,12,39,21,34,5,11,11,11,33,73,75,140
65,2017-352-v306-re44,110,11,5,64,95,45,64,16,31,3,5,61,95,16,53,17,33,2,8,12,12,33,86,94,181
65,2017-352-sl28-g967,74,6,2,25,58,22,25,23,33,3,3,45,58,7,30,24,48,2,2,10,11,31,78,76,136
65,2017-352-cg80-d864,71,5,3,28,56,25,28,16,28,4,4,41,56,4,22,19,28,3,6,9,8,23,50,64,106
65,2017-352-sh90-hh26,89,7,7,42,71,34,42,15,29,7,8,49,71,11,39,23,42,3,9,11,11,34,81,83,152
65,2017-352-ca12-g476,66,5,0,35,55,29,35,10,20,0,1,39,55,6,24,15,28,3,6,10,9,21,52,60,107
65,2017-352-pd07-m850,75,11,1,31,59,25,31,15,28,4,5,40,59,5,22,18,32,3,10,10,9,23,54,63,113
65,2017-352-kb05-db63,118,3,3,53,93,40,53,19,40,6,9,59,93,9,39,30,51,5,9,15,14,39,90,98,183
65,2017-352-g476-dc58,143,5,6,61,117,44,61,34,56,7,8,78,117,9,45,21,55,3,6,17,17,30,100,108,217
65,2017-352-sl28-k926,87,17,2,36,61,31,36,16,25,2,3,47,61,24,63,10,20,2,6,11,11,34,83,81,144
65,2017-352-pd07-bg23,89,14,5,38,76,30,38,20,38,1,3,50,76,14,40,18,41,3,8,13,12,32,81,82,157
65,2017-352-cg80-bm95,78,6,0,36,58,27,36,12,22,3,3,39,58,7,33,17,28,3,6,9,10,24,61,63,119
65,2017-352-db63-i165,58,2,1,19,37,16,19,11,18,0,0,27,37,13,32,12,23,3,6,6,7,25,55,52,92
65,2017-352-kb05-pc11,71,4,2,26,43,22,26,10,17,0,0,32,43,15,38,20,35,4,7,8,9,35,73,67,116
65,2017-352-sh90-gb93,57,4,3,29,51,25,29,13,22,2,2,38,51,6,25,12,28,3,3,9,10,18,53,56,104
65,2017-352-m850-mm58,68,7,5,32,58,26,32,14,26,1,2,40,58,10,33,16,29,3,7,10,10,26,62,66,120
65,2017-352-g967-hb64,62,7,1,26,47,22,26,15,21,0,0,37,47,7,35,23,36,3,6,9,10,30,71,67,118
65,2017-352-ca12-l987,106,17,5,50,84,44,50,22,34,1,1,66,84,27,74,14,35,3,9,15,15,41,109,107,193
65,2017-352-d864-sa93,73,7,2,31,60,25,31,15,29,2,3,40,60,8,25,23,40,4,11,9,8,31,65,71,125
65,2017-352-hh26-f586,113,12,5,41,90,27,41,29,49,2,6,56,90,9,34,26,44,5,6,15,14,35,78,91,168
66,2017-605-d875-gb88-1,149,5,6,67,103,47,67,18,36,7,10,65,103,12,54,31,53,4,15,16,15,43,107,108,210
66,2017-605-gb88-f324,104,7,1,55,93,40,55,22,38,9,11,62,93,12,47,13,30,2,3,14,13,25,77,87,170
66,2017-605-d875-sm25,118,3,5,59,92,40,59,17,33,4,6,57,92,18,47,16,29,5,8,13,12,34,76,91,168
66,2017-605-f324-sm25,90,5,1,40,63,36,40,15,23,0,0,51,63,16,52,14,34,1,6,11,11,30,86,81,149
66,2017-605-f324-c977,114,17,2,64,93,49,64,19,29,1,1,68,93,15,50,22,49,3,9,15,14,37,99,105,192
66,2017-605-sm25-z355,111,5,4,56,82,40,56,8,26,10,14,48,82,20,59,16,30,4,10,13,14,36,89,84,171
66,2017-605-z355-c977,124,9,2,52,94,42,52,20,42,4,6,62,94,13,50,13,30,3,4,14,15,26,80,88,174
66,2017-605-gb88-tb69,71,2,5,38,58,28,38,9,20,5,6,37,58,7,21,18,28,5,7,8,9,25,49,62,107
66,2017-605-f324-z355,131,6,2,52,98,43,52,25,46,9,11,68,98,18,67,23,40,4,8,15,16,41,107,109,205
66,2017-605-d875-tb69,139,5,5,52,97,40,52,25,45,0,2,65,97,9,44,24,49,3,8,17,16,33,93,98,190
66,2017-605-d875-gb88-2,73,2,1,27,47,23,27,11,20,1,1,34,47,12,32,20,25,5,11,7,7,32,57,66,104
66,2017-605-tb69-cd85,126,12,2,41,79,37,41,15,38,0,3,52,79,26,67,19,37,4,13,14,14,45,104,97,183
66,2017-605-sm25-c977,147,9,2,61,104,46,61,23,43,4,7,69,104,15,64,19,37,4,10,16,16,34,101,103,205
66,2017-605-d875-cd85,59,3,2,20,36,19,20,9,16,0,0,28,36,18,34,10,14,5,10,7,7,28,48,56,84
66,2017-605-gb88-n409,156,14,7,61,96,46,61,19,35,0,4,65,96,26,76,22,41,5,13,17,17,48,117,113,213